84.0,6669.0,234,3,0.0,0.0
84.2,7136.0,234,3,0.0,0.0
84.0,7429.0,234,3,0.0,0.0
84.8,7968.0,234,3,0.0,0.0
84.6,7792.0,234,3,0.0,0.0
85.2,7256.0,233,3,0.0,0.0
85.0,7317.0,233,3,0.0,0.0
83.0,6829.0,234,3,0.0,0.0
82.4,6588.0,234,3,0.0,0.0
82.0,6472.0,234,3,0.0,0.0
82.2,6237.0,235,3,0.0,0.0
82.4,6299.0,234,3,0.0,0.0
83.2,6361.0,234,3,0.0,0.0
82.8,6954.0,233,3,0.0,0.0
82.4,6536.0,233,3,0.0,0.0
82.6,6658.0,234,3,0.0,0.0
82.2,6598.0,234,3,0.0,0.0
82.6,6418.0,234,3,0.0,0.0
83.6,6836.0,234,3,0.0,0.0
85.2,7317.0,233,3,0.0,0.0
85.8,7554.0,233,3,0.0,0.0
85.6,7435.0,233,3,0.0,0.0
85.0,7372.0,233,3,0.0,0.0
84.2,7192.0,233,3,0.0,0.0
83.8,7254.0,233,3,0.0,0.0
83.6,6841.0,233,3,0.0,0.0
83.8,7436.0,233,3,0.0,0.0
83.6,7552.0,233,3,0.0,0.0
84.4,7377.0,233,3,0.0,0.0
85.0,7912.0,233,3,0.0,0.0
83.8,7316.0,233,3,0.0,0.0
84.2,7258.0,233,3,0.0,0.0
84.2,7613.0,233,3,0.0,0.0
84.4,7674.0,233,3,0.0,0.0
85.6,8267.0,233,3,0.0,0.0
85.8,7968.0,233,3,0.0,0.0
85.6,7732.0,233,3,0.0,0.0
86.0,7489.0,233,3,0.0,0.0
86.6,7260.0,233,3,0.0,0.0
86.4,7561.0,233,3,0.0,0.0
86.6,7856.0,233,3,0.0,0.0
86.2,7980.0,233,3,0.0,0.0
84.8,7737.0,233,3,0.0,0.0
84.6,7673.0,233,3,0.0,0.0
85.0,7381.0,233,3,0.0,0.0
85.4,7142.0,233,3,0.0,0.0
85.4,7140.0,233,3,0.0,0.0
86.2,7169.0,234,3,0.0,0.0
85.0,6809.0,234,3,0.0,0.0
83.8,6983.0,234,3,0.0,0.0
84.0,6572.0,233,3,0.0,0.0
84.2,6845.0,233,3,0.0,0.0
84.6,7140.0,233,3,0.0,0.0
84.8,7258.0,233,3,0.0,0.0
84.6,7434.0,233,3,0.0,0.0
83.4,6953.0,233,3,0.0,0.0
83.2,6837.0,233,3,0.0,0.0
82.8,6980.0,233,3,0.0,0.0
83.8,7103.0,233,3,0.0,0.0
84.8,7227.0,233,3,0.0,0.0
84.8,7167.0,233,3,0.0,0.0
85.4,6788.0,234,3,0.0,0.0
84.0,6779.0,234,3,0.0,0.0
84.6,7076.0,234,3,0.0,0.0
83.2,7426.0,233,3,0.0,0.0
84.4,7846.0,233,3,0.0,0.0
84.8,7789.0,233,3,0.0,0.0
84.4,7550.0,234,3,0.0,0.0
85.8,7318.0,234,3,0.0,0.0
85.2,6903.0,234,3,0.0,0.0
85.0,7023.0,234,3,0.0,0.0
84.6,7318.0,233,3,0.0,0.0
84.8,6907.0,233,3,0.0,0.0
83.8,6962.0,233,3,0.0,0.0
84.6,6904.0,233,3,0.0,0.0
85.0,6847.0,233,3,0.0,0.0
85.6,7497.0,232,3,0.0,0.0
86.6,7797.0,232,3,0.0,0.0
87.6,8216.0,232,3,0.0,0.0
86.8,8157.0,232,3,0.0,0.0
87.0,8100.0,233,3,0.0,0.0
86.8,7627.0,233,3,0.0,0.0
86.0,7212.0,233,3,0.0,0.0
86.6,7564.0,233,3,0.0,0.0
86.4,7623.0,232,3,0.0,0.0
86.2,8214.0,232,3,0.0,0.0
86.6,8982.0,232,3,0.0,0.0
86.2,8865.0,232,3,0.0,0.0
87.0,8806.0,233,3,0.0,0.0
88.2,8631.0,233,3,0.0,0.0
88.6,8279.0,233,3,0.0,0.0
88.8,7688.0,233,3,0.0,0.0
87.4,7390.0,233,3,0.0,0.0
87.0,7511.0,232,3,0.0,0.0
86.2,7213.0,232,3,0.0,0.0
85.6,7388.0,232,3,0.0,0.0
85.4,7326.0,232,3,0.0,0.0
85.0,6965.0,233,3,0.0,0.0
85.4,7202.0,233,3,0.0,0.0
87.4,7568.0,233,3,0.0,0.0
87.4,7630.0,233,3,0.0,0.0
87.0,7982.0,233,3,0.0,0.0
86.8,7921.0,233,3,0.0,0.0
86.2,7915.0,233,3,0.0,0.0
86.6,7974.0,233,3,0.0,0.0
86.8,7801.0,233,3,0.0,0.0
87.8,8160.0,233,3,0.0,0.0
87.2,8042.0,233,3,0.0,0.0
87.0,8221.0,232,3,0.0,0.0
87.6,8460.0,232,3,0.0,0.0
86.6,7809.0,232,3,0.0,0.0
87.0,7808.0,232,3,0.0,0.0
87.2,7806.0,233,3,0.0,0.0
87.4,8102.0,233,3,0.0,0.0
87.0,8218.0,233,3,0.0,0.0
85.2,8093.0,233,3,0.0,0.0
84.8,8095.0,232,3,0.0,0.0
84.0,7856.0,232,3,0.0,0.0
85.4,8158.0,232,3,0.0,0.0
87.6,8524.0,232,3,0.0,0.0
88.4,8585.0,233,3,0.0,0.0
88.8,8172.0,232,3,0.0,0.0
88.4,7779.0,232,3,0.0,0.0
87.4,7715.0,232,3,0.0,0.0
87.2,7477.0,232,3,0.0,0.0
87.4,7773.0,232,3,0.0,0.0
87.8,8399.0,233,3,0.0,0.0
88.4,8282.0,233,3,0.0,0.0
88.6,8224.0,232,3,0.0,0.0
88.6,8165.0,232,3,0.0,0.0
89.2,8463.0,232,3,0.0,0.0
89.6,8348.0,232,3,0.0,0.0
89.6,8844.0,233,3,0.0,0.0
89.4,8374.0,232,3,0.0,0.0
89.2,8079.0,232,3,0.0,0.0
89.2,7962.0,232,3,0.0,0.0
89.2,8115.0,231,3,0.0,0.0
89.8,8354.0,232,3,0.0,0.0
89.6,7820.0,232,3,0.0,0.0
88.6,8111.0,232,3,0.0,0.0
88.6,7582.0,232,3,0.0,0.0
89.4,7703.0,232,3,0.0,0.0
89.0,8234.0,232,3,0.0,0.0
89.6,8236.0,232,3,0.0,0.0
89.4,8707.0,232,3,0.0,0.0
89.0,8879.0,232,3,0.0,0.0
89.2,8584.0,232,3,0.0,0.0
89.2,8408.0,232,3,0.0,0.0
90.0,8590.0,232,3,0.0,0.0
90.4,8654.0,232,3,0.0,0.0
90.6,9010.0,232,3,0.0,0.0
90.6,9007.0,232,3,0.0,0.0
90.6,8829.0,232,3,0.0,0.0
90.4,8710.0,232,3,0.0,0.0
90.0,8412.0,233,3,0.0,0.0
89.8,8414.0,233,3,0.0,0.0
89.4,8236.0,233,3,0.0,0.0
89.2,8473.0,232,3,0.0,0.0
89.8,8653.0,232,3,0.0,0.0
90.6,8598.0,232,3,0.0,0.0
90.4,8537.0,232,3,0.0,0.0
90.6,8361.0,232,3,0.0,0.0
90.4,8419.0,233,3,0.0,0.0
90.4,8715.0,232,3,0.0,0.0
90.8,8541.0,232,3,0.0,0.0
90.8,8482.0,232,3,0.0,0.0
91.0,8424.0,232,3,0.0,0.0
91.2,8306.0,233,3,0.0,0.0
91.0,8837.0,232,3,0.0,0.0
91.6,9076.0,232,3,0.0,0.0
91.4,9075.0,232,3,0.0,0.0
91.4,8602.0,232,3,0.0,0.0
92.2,8487.0,233,3,0.0,0.0
91.0,8600.0,232,3,0.0,0.0
91.0,8541.0,232,3,0.0,0.0
90.4,8834.0,232,3,0.0,0.0
90.2,8774.0,232,3,0.0,0.0
91.2,8661.0,232,3,0.0,0.0
91.8,9017.0,233,3,0.0,0.0
92.0,9314.0,232,3,0.0,0.0
92.0,9372.0,232,3,0.0,0.0
91.4,9369.0,232,3,0.0,0.0
91.2,9132.0,232,3,0.0,0.0
91.4,9132.0,233,3,0.0,0.0
91.4,9427.0,233,3,0.0,0.0
91.8,9842.0,232,3,0.0,0.0
91.8,9606.0,232,3,0.0,0.0
92.0,9546.0,232,3,0.0,0.0
91.8,9309.0,232,3,0.0,0.0
92.2,9015.0,233,3,0.0,0.0
91.8,9308.0,232,3,0.0,0.0
92.0,8898.0,232,3,0.0,0.0
91.8,8956.0,232,3,0.0,0.0
91.6,8838.0,232,3,0.0,0.0
91.6,9016.0,232,3,0.0,0.0
91.4,9191.0,233,3,0.0,0.0
91.8,8781.0,233,3,0.0,0.0
91.8,8896.0,233,3,0.0,0.0
92.0,9075.0,232,3,0.0,0.0
92.0,9134.0,232,3,0.0,0.0
92.0,9368.0,232,3,0.0,0.0
91.8,9311.0,232,3,0.0,0.0
92.0,9014.0,233,3,0.0,0.0
92.4,9251.0,233,3,0.0,0.0
92.4,9430.0,233,3,0.0,0.0
92.6,9668.0,232,3,0.0,0.0
92.6,9788.0,232,3,0.0,0.0
92.2,9728.0,232,3,0.0,0.0
92.0,9550.0,232,3,0.0,0.0
92.2,9431.0,233,3,0.0,0.0
92.0,9430.0,233,3,0.0,0.0
92.0,9489.0,233,3,0.0,0.0
92.4,9667.0,233,3,0.0,0.0
92.2,9903.0,233,3,0.0,0.0
92.0,9608.0,232,3,0.0,0.0
92.4,9669.0,232,3,0.0,0.0
92.4,9552.0,232,3,0.0,0.0
92.8,9495.0,232,3,0.0,0.0
93.2,9260.0,233,3,0.0,0.0
93.0,9317.0,233,3,0.0,0.0
93.0,9376.0,233,3,0.0,0.0
92.8,9139.0,233,3,0.0,0.0
92.8,9198.0,233,3,0.0,0.0
93.0,9023.0,233,3,0.0,0.0
93.0,9259.0,233,3,0.0,0.0
93.0,9613.0,233,3,0.0,0.0
92.8,9554.0,232,3,0.0,0.0
92.8,9637.0,232,3,0.0,0.0
92.8,9459.0,232,3,0.0,0.0
92.6,9458.0,232,3,0.0,0.0
92.8,9518.0,232,3,0.0,0.0
93.0,9376.0,233,3,0.0,0.0
93.0,9731.0,233,3,0.0,0.0
93.2,9673.0,233,3,0.0,0.0
93.2,9673.0,233,3,0.0,0.0
93.2,9673.0,233,3,0.0,0.0
93.2,9319.0,233,3,0.0,0.0
93.2,9614.0,233,3,0.0,0.0
93.2,9555.0,233,3,0.0,0.0
93.2,9790.0,233,3,0.0,0.0
93.2,10144.0,233,3,0.0,0.0
93.2,9967.0,233,3,0.0,0.0
93.2,9613.0,233,3,0.0,0.0
93.2,9791.0,233,3,0.0,0.0
93.2,9142.0,233,3,0.0,0.0
92.8,9022.0,233,3,0.0,0.0
92.8,9494.0,233,3,0.0,0.0
92.4,9256.0,233,3,0.0,0.0
92.4,9610.0,233,3,0.0,0.0
92.8,9612.0,233,3,0.0,0.0
92.6,9434.0,233,3,0.0,0.0
92.8,9553.0,233,3,0.0,0.0
92.8,9611.0,233,3,0.0,0.0
92.8,9729.0,233,3,0.0,0.0
93.0,9730.0,233,3,0.0,0.0
93.2,9495.0,233,3,0.0,0.0
93.0,9554.0,233,3,0.0,0.0
92.8,9376.0,233,3,0.0,0.0
92.4,9256.0,233,3,0.0,0.0
92.4,9256.0,233,3,0.0,0.0
92.6,9257.0,233,3,0.0,0.0
92.8,9435.0,233,3,0.0,0.0
93.2,9732.0,233,3,0.0,0.0
93.2,9850.0,233,3,0.0,0.0
93.0,9436.0,233,3,0.0,0.0
92.8,9317.0,233,3,0.0,0.0
92.8,9494.0,233,3,0.0,0.0
92.8,9139.0,233,3,0.0,0.0
93.0,9258.0,233,3,0.0,0.0
93.0,9317.0,233,3,0.0,0.0
93.0,8904.0,233,3,0.0,0.0
92.8,9258.0,233,3,0.0,0.0
92.4,9138.0,233,3,0.0,0.0
92.6,9139.0,233,3,0.0,0.0
92.6,9493.0,233,3,0.0,0.0
92.8,8668.0,233,3,0.0,0.0
93.2,8729.0,233,3,0.0,0.0
93.2,8906.0,233,3,0.0,0.0
93.0,8905.0,233,3,0.0,0.0
93.0,9554.0,233,3,0.0,0.0
92.8,9553.0,233,3,0.0,0.0
92.6,9022.0,232,3,0.0,0.0
92.6,8845.0,232,3,0.0,0.0
92.8,8846.0,232,3,0.0,0.0
93.0,9260.0,232,3,0.0,0.0
93.0,9437.0,232,3,0.0,0.0
93.2,9673.0,233,3,0.0,0.0
93.2,9496.0,233,3,0.0,0.0
93.2,9201.0,233,3,0.0,0.0
92.8,9140.0,233,3,0.0,0.0
92.6,9139.0,233,3,0.0,0.0
92.6,9375.0,233,3,0.0,0.0
92.6,10083.0,233,3,0.0,0.0
93.0,10321.0,233,3,0.0,0.0
93.2,10204.0,233,3,0.0,0.0
93.2,9968.0,233,3,0.0,0.0
93.2,9555.0,233,3,0.0,0.0
93.2,9437.0,233,3,0.0,0.0
93.0,9259.0,233,3,0.0,0.0
93.0,9318.0,233,3,0.0,0.0
93.0,8964.0,233,3,0.0,0.0
93.0,9023.0,233,3,0.0,0.0
93.2,9142.0,233,3,0.0,0.0
92.8,9199.0,233,3,0.0,0.0
92.8,9494.0,233,3,0.0,0.0
92.8,9317.0,233,3,0.0,0.0
92.8,9435.0,233,3,0.0,0.0
93.2,9201.0,233,3,0.0,0.0
93.0,9141.0,233,3,0.0,0.0
93.0,8846.0,233,3,0.0,0.0
92.8,8905.0,232,3,0.0,0.0
92.8,9082.0,232,3,0.0,0.0
92.8,9141.0,232,3,0.0,0.0
92.8,9436.0,232,3,0.0,0.0
92.8,9731.0,232,3,0.0,0.0
93.0,9554.0,233,3,0.0,0.0
93.0,9318.0,233,3,0.0,0.0
93.0,9436.0,233,3,0.0,0.0
92.8,9199.0,233,3,0.0,0.0
92.8,9258.0,233,3,0.0,0.0
92.8,9494.0,233,3,0.0,0.0
93.0,9318.0,233,3,0.0,0.0
93.2,9142.0,233,3,0.0,0.0
93.2,9319.0,233,3,0.0,0.0
93.2,9201.0,233,3,0.0,0.0
93.2,9496.0,233,3,0.0,0.0
93.0,9318.0,233,3,0.0,0.0
92.6,9080.0,233,3,0.0,0.0
92.6,8962.0,233,3,0.0,0.0
92.6,8549.0,233,3,0.0,0.0
92.8,8727.0,233,3,0.0,0.0
93.2,8847.0,233,3,0.0,0.0
93.2,8611.0,233,3,0.0,0.0
93.2,8375.0,233,3,0.0,0.0
93.2,8552.0,233,3,0.0,0.0
93.0,8610.0,233,3,0.0,0.0
92.8,8963.0,233,3,0.0,0.0
92.6,9021.0,233,3,0.0,0.0
92.6,8608.0,233,3,0.0,0.0
92.6,8667.0,233,3,0.0,0.0
92.8,8845.0,233,3,0.0,0.0
92.8,9199.0,233,3,0.0,0.0
92.8,9671.0,233,3,0.0,0.0
93.0,9849.0,233,3,0.0,0.0
93.0,9790.0,233,3,0.0,0.0
93.0,9377.0,233,3,0.0,0.0
93.2,9260.0,233,3,0.0,0.0
93.2,9378.0,233,3,0.0,0.0
93.0,9082.0,233,3,0.0,0.0
93.0,9436.0,233,3,0.0,0.0
93.0,9613.0,233,3,0.0,0.0
93.0,9436.0,233,3,0.0,0.0
93.2,9496.0,233,3,0.0,0.0
93.0,9259.0,233,3,0.0,0.0
93.0,9023.0,233,3,0.0,0.0
92.8,9140.0,233,3,0.0,0.0
92.8,9081.0,233,3,0.0,0.0
92.8,9081.0,233,3,0.0,0.0
92.8,9081.0,233,3,0.0,0.0
93.0,9259.0,233,3,0.0,0.0
93.0,9849.0,233,3,0.0,0.0
92.8,9612.0,233,3,0.0,0.0
92.8,9612.0,233,3,0.0,0.0
92.8,9494.0,233,3,0.0,0.0
92.6,9257.0,233,3,0.0,0.0
93.0,9554.0,233,3,0.0,0.0
93.0,9908.0,233,3,0.0,0.0
93.0,9672.0,233,3,0.0,0.0
93.0,9731.0,233,3,0.0,0.0
92.8,9435.0,233,3,0.0,0.0
92.8,8845.0,233,3,0.0,0.0
93.0,8964.0,233,3,0.0,0.0
92.6,9139.0,233,3,0.0,0.0
92.8,9258.0,233,3,0.0,0.0
92.8,9376.0,233,3,0.0,0.0
93.0,9436.0,233,3,0.0,0.0
93.0,9082.0,233,3,0.0,0.0
92.8,9140.0,233,3,0.0,0.0
92.6,9375.0,233,3,0.0,0.0
92.8,9376.0,233,3,0.0,0.0
93.0,9082.0,233,3,0.0,0.0
93.2,9201.0,233,3,0.0,0.0
93.0,9318.0,233,3,0.0,0.0
93.0,9613.0,233,3,0.0,0.0
92.8,9612.0,233,3,0.0,0.0
92.8,9612.0,233,3,0.0,0.0
92.8,9258.0,233,3,0.0,0.0
93.0,8669.0,233,3,0.0,0.0
92.8,8609.0,233,3,0.0,0.0
92.6,8078.0,232,3,0.0,0.0
92.6,8609.0,232,3,0.0,0.0
92.6,8432.0,232,3,0.0,0.0
92.4,8726.0,232,3,0.0,0.0
92.4,9021.0,232,3,0.0,0.0
92.4,8725.0,233,3,0.0,0.0
92.4,9197.0,233,3,0.0,0.0
92.8,9317.0,233,3,0.0,0.0
92.8,9671.0,233,3,0.0,0.0
93.2,9555.0,233,3,0.0,0.0
93.0,9318.0,233,3,0.0,0.0
93.0,9023.0,233,3,0.0,0.0
92.8,9317.0,233,3,0.0,0.0
92.8,9258.0,233,3,0.0,0.0
93.0,9377.0,233,3,0.0,0.0
93.0,9377.0,233,3,0.0,0.0
93.2,9083.0,233,3,0.0,0.0
93.0,9377.0,233,3,0.0,0.0
93.0,9318.0,233,3,0.0,0.0
93.0,9436.0,233,3,0.0,0.0
93.0,9318.0,233,3,0.0,0.0
93.2,9555.0,233,3,0.0,0.0
93.0,9908.0,233,3,0.0,0.0
92.8,9671.0,233,3,0.0,0.0
92.8,9730.0,233,3,0.0,0.0
92.8,9612.0,233,3,0.0,0.0
93.0,9554.0,233,3,0.0,0.0
93.2,9673.0,233,3,0.0,0.0
93.2,9614.0,233,3,0.0,0.0
93.0,9613.0,233,3,0.0,0.0
92.8,9730.0,233,3,0.0,0.0
92.8,9789.0,233,3,0.0,0.0
92.8,9317.0,233,3,0.0,0.0
93.0,9318.0,233,3,0.0,0.0
93.2,8611.0,233,3,0.0,0.0
93.2,8375.0,233,3,0.0,0.0
93.2,8788.0,233,3,0.0,0.0
93.2,9083.0,233,3,0.0,0.0
93.2,9732.0,233,3,0.0,0.0
93.0,10085.0,233,3,0.0,0.0
92.4,9787.0,233,3,0.0,0.0
92.2,9078.0,233,3,0.0,0.0
92.0,8900.0,233,3,0.0,0.0
92.2,8901.0,233,3,0.0,0.0
92.8,8987.0,233,3,0.0,0.0
93.0,9460.0,233,3,0.0,0.0
93.2,9343.0,233,3,0.0,0.0
93.2,9461.0,233,3,0.0,0.0
93.2,9673.0,233,3,0.0,0.0
93.0,9554.0,233,3,0.0,0.0
93.0,9731.0,233,3,0.0,0.0
93.0,9613.0,233,3,0.0,0.0
93.0,9377.0,233,3,0.0,0.0
93.0,9849.0,233,3,0.0,0.0
93.0,10026.0,233,3,0.0,0.0
93.0,10026.0,233,3,0.0,0.0
93.0,10439.0,233,3,0.0,0.0
93.2,9909.0,233,3,0.0,0.0
93.2,9791.0,233,3,0.0,0.0
93.2,9791.0,233,3,0.0,0.0
93.2,9555.0,233,3,0.0,0.0
93.2,9437.0,233,3,0.0,0.0
93.0,9259.0,233,3,0.0,0.0
92.6,9139.0,233,3,0.0,0.0
92.6,8784.0,233,3,0.0,0.0
92.6,9079.0,233,3,0.0,0.0
92.8,9493.0,233,3,0.0,0.0
93.2,9554.0,233,3,0.0,0.0
93.2,9909.0,233,3,0.0,0.0
93.2,9732.0,233,3,0.0,0.0
93.2,9614.0,233,3,0.0,0.0
92.8,9317.0,233,3,0.0,0.0
92.8,9553.0,233,3,0.0,0.0
92.8,9730.0,233,3,0.0,0.0
92.8,9671.0,233,3,0.0,0.0
93.0,10203.0,233,3,0.0,0.0
93.2,10085.0,233,3,0.0,0.0
93.2,10026.0,233,3,0.0,0.0
93.2,9965.0,233,3,0.0,0.0
93.0,9492.0,233,3,0.0,0.0
92.8,9492.0,233,3,0.0,0.0
92.8,9492.0,233,3,0.0,0.0
92.8,9730.0,233,3,0.0,0.0
93.0,9849.0,233,3,0.0,0.0
93.2,9672.0,233,3,0.0,0.0
93.2,9731.0,233,3,0.0,0.0
93.2,9259.0,233,3,0.0,0.0
92.8,9493.0,233,3,0.0,0.0
