80.6,1565.0,211,1,0.0,0.0
75.0,552.0,197,1,0.0,0.0
74.8,544.0,195,1,0.0,0.0
75.0,480.0,195,1,0.0,0.0
74.8,512.0,194,1,0.0,0.0
76.8,432.0,201,1,0.0,0.0
76.8,408.0,204,1,0.0,0.0
77.6,416.0,205,1,0.0,0.0
78.6,384.0,209,1,0.0,0.0
76.6,432.0,201,1,0.0,0.0
77.2,440.0,200,1,0.0,0.0
78.4,408.0,204,1,0.0,0.0
78.2,400.0,203,1,0.0,0.0
79.8,376.0,208,1,0.0,0.0
79.2,384.0,208,1,0.0,0.0
76.8,432.0,202,1,0.0,0.0
76.0,448.0,199,1,0.0,0.0
75.4,464.0,198,1,0.0,0.0
76.4,448.0,199,1,0.0,0.0
76.8,448.0,198,1,0.0,0.0
77.8,448.0,202,1,0.0,0.0
79.2,400.0,207,1,0.0,0.0
79.6,368.0,208,1,0.0,0.0
80.2,360.0,210,1,0.0,0.0
80.8,320.0,212,1,0.0,0.0
79.8,344.0,209,1,0.0,0.0
79.2,408.0,206,1,0.0,0.0
79.4,384.0,207,1,0.0,0.0
78.4,432.0,203,1,0.0,0.0
78.2,448.0,202,1,0.0,0.0
77.4,424.0,202,1,0.0,0.0
147.0,28517.0,389,1,0.0,0.0
224.0,65335.0,596,1,0.0,0.0
330.2,114328.0,871,1,0.0,0.0
409.6,151208.0,1079,1,0.0,0.0
340.6,123346.0,895,1,0.0,0.0
266.2,86815.0,695,1,0.0,0.0
161.8,37668.0,423,1,0.0,0.0
84.8,413.0,219,1,0.0,0.0
83.6,280.0,218,1,0.0,0.0
81.4,336.0,212,1,0.0,0.0
79.8,352.0,207,1,0.0,0.0
78.2,360.0,204,1,0.0,0.0
78.6,360.0,208,1,0.0,0.0
77.6,344.0,209,1,0.0,0.0
77.4,360.0,209,1,0.0,0.0
76.2,384.0,205,1,0.0,0.0
78.0,344.0,207,1,0.0,0.0
78.6,344.0,208,1,0.0,0.0
79.4,336.0,210,1,0.0,0.0
80.2,304.0,214,1,0.0,0.0
79.4,320.0,212,1,0.0,0.0
79.4,320.0,213,1,0.0,0.0
79.0,312.0,212,1,0.0,0.0
79.8,304.0,214,1,0.0,0.0
79.6,328.0,214,1,0.0,0.0
80.6,328.0,214,1,0.0,0.0
80.4,328.0,216,1,0.0,0.0
79.4,376.0,212,1,0.0,0.0
78.4,368.0,208,1,0.0,0.0
78.6,352.0,209,1,0.0,0.0
77.2,384.0,203,1,0.0,0.0
76.2,392.0,201,1,0.0,0.0
77.2,376.0,204,1,0.0,0.0
78.0,352.0,205,1,0.0,0.0
79.6,344.0,210,1,0.0,0.0
82.2,296.0,217,1,0.0,0.0
82.8,272.0,220,1,0.0,0.0
81.2,320.0,218,1,0.0,0.0
81.4,296.0,220,1,0.0,0.0
81.0,296.0,216,1,0.0,0.0
80.6,312.0,215,1,0.0,0.0
81.8,272.0,217,1,0.0,0.0
80.6,288.0,214,1,0.0,0.0
79.6,304.0,212,1,0.0,0.0
79.2,304.0,211,1,0.0,0.0
79.2,296.0,212,1,0.0,0.0
79.8,288.0,210,1,0.0,0.0
80.0,304.0,209,1,0.0,0.0
80.6,296.0,211,1,0.0,0.0
79.2,344.0,206,1,0.0,0.0
79.4,344.0,209,1,0.0,0.0
80.4,312.0,211,1,0.0,0.0
81.4,304.0,213,1,0.0,0.0
82.4,272.0,215,1,0.0,0.0
82.8,256.0,215,1,0.0,0.0
80.8,288.0,214,1,0.0,0.0
79.4,312.0,210,1,0.0,0.0
80.2,320.0,213,1,0.0,0.0
80.6,352.0,212,1,0.0,0.0
81.2,328.0,211,1,0.0,0.0
83.2,304.0,215,1,0.0,0.0
81.2,296.0,211,1,0.0,0.0
80.4,288.0,213,1,0.0,0.0
80.0,304.0,212,1,0.0,0.0
78.2,328.0,210,1,0.0,0.0
79.4,328.0,214,1,0.0,0.0
80.0,328.0,211,1,0.0,0.0
80.4,320.0,212,1,0.0,0.0
81.2,304.0,213,1,0.0,0.0
81.0,320.0,211,1,0.0,0.0
80.8,304.0,210,1,0.0,0.0
81.0,304.0,211,1,0.0,0.0
81.4,296.0,213,1,0.0,0.0
80.6,304.0,211,1,0.0,0.0
79.6,320.0,210,1,0.0,0.0
79.0,336.0,209,1,0.0,0.0
77.8,368.0,207,1,0.0,0.0
77.4,344.0,207,1,0.0,0.0
79.6,312.0,214,1,0.0,0.0
78.4,320.0,210,1,0.0,0.0
79.2,312.0,210,1,0.0,0.0
81.0,312.0,214,1,0.0,0.0
80.0,344.0,211,1,0.0,0.0
80.2,336.0,211,1,0.0,0.0
80.0,368.0,209,1,0.0,0.0
78.6,392.0,208,1,0.0,0.0
