142.6,419.0,383,1,0.0,0.0
184.8,1024.0,498,1,0.0,0.0
189.8,1179.0,521,1,0.0,0.0
199.0,1312.0,557,1,0.0,0.0
157.0,1035.0,451,1,0.0,0.0
155.8,1018.0,439,1,0.0,0.0
143.2,830.0,395,1,0.0,0.0
148.8,893.0,396,1,0.0,0.0
151.6,888.0,398,1,0.0,0.0
100.2,231.0,266,1,0.0,0.0
98.0,234.0,260,1,0.0,0.0
81.4,36.0,214,1,0.0,0.0
79.6,40.0,211,1,0.0,0.0
79.2,43.0,210,1,0.0,0.0
78.6,46.0,207,1,0.0,0.0
79.2,43.0,211,1,0.0,0.0
79.2,45.0,210,1,0.0,0.0
79.0,44.0,208,1,0.0,0.0
79.0,45.0,211,1,0.0,0.0
78.2,45.0,208,1,0.0,0.0
78.2,40.0,211,1,0.0,0.0
78.0,42.0,211,1,0.0,0.0
77.8,42.0,209,1,0.0,0.0
79.0,40.0,212,1,0.0,0.0
78.2,45.0,207,1,0.0,0.0
78.4,43.0,208,1,0.0,0.0
79.4,39.0,211,1,0.0,0.0
79.4,40.0,210,1,0.0,0.0
79.6,39.0,212,1,0.0,0.0
79.6,37.0,215,1,0.0,0.0
79.2,35.0,217,1,0.0,0.0
79.4,33.0,218,1,0.0,0.0
81.0,30.0,222,1,0.0,0.0
81.0,33.0,220,1,0.0,0.0
79.4,33.0,220,1,0.0,0.0
79.4,31.0,220,1,0.0,0.0
78.4,34.0,219,1,0.0,0.0
79.0,30.0,222,1,0.0,0.0
80.6,35.0,218,1,0.0,0.0
81.0,35.0,218,1,0.0,0.0
80.4,38.0,215,1,0.0,0.0
79.6,42.0,212,1,0.0,0.0
79.6,41.0,214,1,0.0,0.0
78.2,41.0,212,1,0.0,0.0
79.2,36.0,216,1,0.0,0.0
79.0,36.0,217,1,0.0,0.0
78.4,37.0,219,1,0.0,0.0
77.4,42.0,219,1,0.0,0.0
75.6,45.0,215,1,0.0,0.0
75.8,41.0,217,1,0.0,0.0
77.2,36.0,220,1,0.0,0.0
77.8,31.0,223,1,0.0,0.0
77.2,26.0,227,1,0.0,0.0
76.8,32.0,226,1,0.0,0.0
78.0,31.0,224,1,0.0,0.0
78.4,34.0,219,1,0.0,0.0
80.8,36.0,217,1,0.0,0.0
82.0,33.0,217,1,0.0,0.0
80.6,35.0,216,1,0.0,0.0
81.0,33.0,218,1,0.0,0.0
81.2,32.0,219,1,0.0,0.0
81.8,31.0,220,1,0.0,0.0
82.2,33.0,219,1,0.0,0.0
81.8,35.0,220,1,0.0,0.0
82.2,36.0,217,1,0.0,0.0
81.4,40.0,215,1,0.0,0.0
79.6,41.0,214,1,0.0,0.0
80.4,39.0,215,1,0.0,0.0
80.0,43.0,214,1,0.0,0.0
78.8,41.0,211,1,0.0,0.0
79.6,41.0,211,1,0.0,0.0
78.8,44.0,207,1,0.0,0.0
80.8,39.0,213,1,0.0,0.0
82.0,40.0,216,1,0.0,0.0
81.4,40.0,217,1,0.0,0.0
81.4,37.0,218,1,0.0,0.0
78.2,44.0,211,1,0.0,0.0
77.4,44.0,209,1,0.0,0.0
78.2,46.0,207,1,0.0,0.0
78.8,45.0,208,1,0.0,0.0
79.6,39.0,212,1,0.0,0.0
79.0,41.0,211,1,0.0,0.0
78.4,41.0,212,1,0.0,0.0
78.4,43.0,213,1,0.0,0.0
78.4,46.0,212,1,0.0,0.0
79.4,43.0,214,1,0.0,0.0
80.4,44.0,214,1,0.0,0.0
80.2,41.0,218,1,0.0,0.0
80.2,42.0,216,1,0.0,0.0
79.6,43.0,216,1,0.0,0.0
80.0,41.0,217,1,0.0,0.0
79.8,48.0,211,1,0.0,0.0
78.8,48.0,209,1,0.0,0.0
78.4,52.0,207,1,0.0,0.0
79.2,50.0,209,1,0.0,0.0
78.0,48.0,207,1,0.0,0.0
79.2,43.0,211,1,0.0,0.0
79.6,36.0,213,1,0.0,0.0
77.8,40.0,209,1,0.0,0.0
79.2,36.0,214,1,0.0,0.0
79.8,36.0,215,1,0.0,0.0
79.6,40.0,213,1,0.0,0.0
79.8,41.0,211,1,0.0,0.0
80.2,40.0,211,1,0.0,0.0
79.2,43.0,209,1,0.0,0.0
80.4,41.0,211,1,0.0,0.0
81.8,38.0,215,1,0.0,0.0
81.0,43.0,213,1,0.0,0.0
81.0,44.0,211,1,0.0,0.0
80.2,48.0,211,1,0.0,0.0
80.0,48.0,212,1,0.0,0.0
80.6,47.0,213,1,0.0,0.0
81.6,40.0,217,1,0.0,0.0
80.2,42.0,211,1,0.0,0.0
79.6,45.0,208,1,0.0,0.0
80.6,40.0,210,1,0.0,0.0
80.4,40.0,209,1,0.0,0.0
