245.2,1298.0,585,1,0.0,0.0
232.2,1190.0,550,1,0.0,0.0
212.0,1017.0,487,1,0.0,0.0
159.6,771.0,366,1,0.0,0.0
97.4,426.0,216,1,0.0,0.0
45.0,180.0,94,1,0.0,0.0
34.6,205.0,81,1,0.0,0.0
94.2,477.0,217,1,0.0,0.0
149.4,725.0,343,1,0.0,0.0
207.8,999.0,478,1,0.0,0.0
227.6,1046.0,524,1,0.0,0.0
229.8,1062.0,531,1,0.0,0.0
225.8,1050.0,526,1,0.0,0.0
222.4,1036.0,517,1,0.0,0.0
228.8,1056.0,526,1,0.0,0.0
215.2,998.0,497,1,0.0,0.0
224.6,1030.0,517,1,0.0,0.0
222.4,1028.0,514,1,0.0,0.0
211.4,992.0,496,1,0.0,0.0
219.2,1020.0,511,1,0.0,0.0
208.8,980.0,490,1,0.0,0.0
210.2,980.0,490,1,0.0,0.0
211.0,976.0,489,1,0.0,0.0
208.6,970.0,485,1,0.0,0.0
212.8,990.0,494,1,0.0,0.0
210.8,986.0,493,1,0.0,0.0
205.2,942.0,474,1,0.0,0.0
199.8,922.0,463,1,0.0,0.0
203.0,940.0,469,1,0.0,0.0
202.2,928.0,464,1,0.0,0.0
216.8,1020.0,509,1,0.0,0.0
212.8,1000.0,501,1,0.0,0.0
209.2,996.0,495,1,0.0,0.0
202.6,966.0,483,1,0.0,0.0
191.0,916.0,457,1,0.0,0.0
199.0,950.0,475,1,0.0,0.0
204.0,968.0,483,1,0.0,0.0
202.6,960.0,480,1,0.0,0.0
208.6,976.0,488,1,0.0,0.0
206.6,964.0,482,1,0.0,0.0
198.0,930.0,465,1,0.0,0.0
208.6,974.0,487,1,0.0,0.0
202.2,956.0,479,1,0.0,0.0
217.6,1018.0,509,1,0.0,0.0
227.0,1044.0,522,1,0.0,0.0
225.6,1028.0,514,1,0.0,0.0
239.0,1072.0,538,1,0.0,0.0
240.4,1080.0,540,1,0.0,0.0
224.0,1022.0,512,1,0.0,0.0
218.6,1014.0,507,1,0.0,0.0
208.8,986.0,493,1,0.0,0.0
203.2,962.0,480,1,0.0,0.0
225.8,1048.0,526,1,0.0,0.0
233.6,1080.0,539,1,0.0,0.0
245.8,1116.0,560,1,0.0,0.0
241.6,1098.0,548,1,0.0,0.0
231.8,1056.0,529,1,0.0,0.0
229.4,1046.0,522,1,0.0,0.0
222.2,1024.0,511,1,0.0,0.0
217.8,1008.0,504,1,0.0,0.0
214.6,996.0,498,1,0.0,0.0
212.4,980.0,490,1,0.0,0.0
209.6,954.0,476,1,0.0,0.0
212.4,966.0,482,1,0.0,0.0
218.6,996.0,498,1,0.0,0.0
221.4,1016.0,507,1,0.0,0.0
224.8,1038.0,519,1,0.0,0.0
225.6,1038.0,520,1,0.0,0.0
219.6,1002.0,500,1,0.0,0.0
218.4,980.0,490,1,0.0,0.0
225.6,1008.0,505,1,0.0,0.0
223.4,996.0,500,1,0.0,0.0
226.8,1002.0,501,1,0.0,0.0
221.4,974.0,488,1,0.0,0.0
216.2,950.0,474,1,0.0,0.0
218.6,964.0,481,1,0.0,0.0
217.4,958.0,480,1,0.0,0.0
214.4,944.0,472,1,0.0,0.0
215.0,940.0,472,1,0.0,0.0
215.6,932.0,465,1,0.0,0.0
218.0,958.0,480,1,0.0,0.0
224.8,996.0,498,1,0.0,0.0
221.8,986.0,496,1,0.0,0.0
219.6,984.0,495,1,0.0,0.0
213.4,946.0,472,1,0.0,0.0
212.4,928.0,465,1,0.0,0.0
217.2,946.0,473,1,0.0,0.0
210.2,922.0,461,1,0.0,0.0
217.8,958.0,478,1,0.0,0.0
220.4,966.0,484,1,0.0,0.0
226.8,980.0,490,1,0.0,0.0
235.6,996.0,499,1,0.0,0.0
235.0,990.0,496,1,0.0,0.0
232.8,992.0,500,1,0.0,0.0
233.8,1016.0,509,1,0.0,0.0
230.6,1014.0,507,1,0.0,0.0
222.4,974.0,487,1,0.0,0.0
226.2,982.0,493,1,0.0,0.0
225.2,946.0,472,1,0.0,0.0
227.6,952.0,476,1,0.0,0.0
235.0,986.0,494,1,0.0,0.0
231.6,970.0,485,1,0.0,0.0
226.4,972.0,487,1,0.0,0.0
223.2,962.0,482,1,0.0,0.0
231.2,998.0,502,1,0.0,0.0
238.8,1040.0,521,1,0.0,0.0
235.6,1028.0,514,1,0.0,0.0
239.6,1028.0,514,1,0.0,0.0
239.4,1022.0,513,1,0.0,0.0
235.0,994.0,496,1,0.0,0.0
230.8,984.0,493,1,0.0,0.0
233.8,1008.0,505,1,0.0,0.0
230.2,982.0,491,1,0.0,0.0
226.0,962.0,480,1,0.0,0.0
229.8,958.0,480,1,0.0,0.0
223.4,922.0,464,1,0.0,0.0
214.6,888.0,447,1,0.0,0.0
219.2,910.0,458,1,0.0,0.0
224.8,950.0,475,1,0.0,0.0
222.2,934.0,468,1,0.0,0.0
226.2,934.0,471,1,0.0,0.0
231.6,960.0,483,1,0.0,0.0
225.8,924.0,464,1,0.0,0.0
226.2,916.0,459,1,0.0,0.0
223.8,922.0,462,1,0.0,0.0
223.8,918.0,458,1,0.0,0.0
209.6,848.0,424,1,0.0,0.0
209.0,844.0,425,1,0.0,0.0
215.4,860.0,431,1,0.0,0.0
214.2,858.0,430,1,0.0,0.0
233.2,944.0,473,1,0.0,0.0
237.8,974.0,485,1,0.0,0.0
231.4,954.0,477,1,0.0,0.0
226.8,924.0,463,1,0.0,0.0
220.8,896.0,447,1,0.0,0.0
219.8,896.0,447,1,0.0,0.0
220.0,894.0,447,1,0.0,0.0
217.8,898.0,450,1,0.0,0.0
217.4,898.0,451,1,0.0,0.0
231.8,962.0,482,1,0.0,0.0
240.2,1004.0,503,1,0.0,0.0
235.6,974.0,489,1,0.0,0.0
233.0,984.0,492,1,0.0,0.0
227.2,958.0,480,1,0.0,0.0
221.8,940.0,469,1,0.0,0.0
241.4,1024.0,515,1,0.0,0.0
241.4,1016.0,507,1,0.0,0.0
236.2,1004.0,502,1,0.0,0.0
231.2,992.0,497,1,0.0,0.0
215.8,934.0,470,1,0.0,0.0
218.4,946.0,473,1,0.0,0.0
217.4,944.0,472,1,0.0,0.0
218.6,936.0,469,1,0.0,0.0
214.4,910.0,456,1,0.0,0.0
223.0,942.0,472,1,0.0,0.0
221.0,928.0,464,1,0.0,0.0
220.0,926.0,465,1,0.0,0.0
224.8,960.0,483,1,0.0,0.0
213.2,922.0,463,1,0.0,0.0
217.8,942.0,473,1,0.0,0.0
217.6,934.0,471,1,0.0,0.0
226.6,952.0,479,1,0.0,0.0
231.4,962.0,482,1,0.0,0.0
229.2,952.0,474,1,0.0,0.0
226.0,952.0,477,1,0.0,0.0
217.8,944.0,469,1,0.0,0.0
222.4,950.0,476,1,0.0,0.0
229.4,964.0,486,1,0.0,0.0
229.0,950.0,468,1,0.0,0.0
234.2,952.0,471,1,0.0,0.0
222.0,898.0,445,1,0.0,0.0
218.6,900.0,446,1,0.0,0.0
231.4,958.0,481,1,0.0,0.0
235.8,978.0,488,1,0.0,0.0
243.0,1034.0,518,1,0.0,0.0
247.8,1056.0,527,1,0.0,0.0
243.2,1030.0,515,1,0.0,0.0
