84.0,6669.0,6669.0,35.854838709677416,234,3,0.0,0.0,0.0,0.0,133.0,0.31666666666666665,156.0,0.37142857142857144,131.0,0.3119047619047619
84.2,7136.0,7136.0,38.160427807486634,234,3,0.0,0.0,0.0,0.0,159.0,0.37767220902612825,138.0,0.32779097387173395,124.0,0.29453681710213775
84.0,7429.0,7429.0,39.94086021505376,234,3,0.0,0.0,0.0,0.0,157.0,0.3738095238095238,124.0,0.29523809523809524,139.0,0.33095238095238094
84.8,7968.0,7968.0,41.93684210526316,234,3,0.0,0.0,0.0,0.0,161.0,0.37971698113207547,116.0,0.27358490566037735,147.0,0.3466981132075472
84.6,7792.0,7792.0,41.22751322751323,234,3,0.0,0.0,0.0,0.0,136.0,0.3215130023640662,121.0,0.2860520094562648,166.0,0.39243498817966904
85.2,7256.0,7256.0,37.59585492227979,233,3,0.0,0.0,0.0,0.0,129.0,0.3028169014084507,135.0,0.31690140845070425,162.0,0.38028169014084506
85.0,7317.0,7317.0,38.109375,233,3,0.0,0.0,0.0,0.0,130.0,0.3058823529411765,139.0,0.3270588235294118,156.0,0.36705882352941177
83.0,6829.0,6829.0,37.729281767955804,234,3,0.0,0.0,0.0,0.0,131.0,0.3156626506024096,128.0,0.30843373493975906,156.0,0.3759036144578313
82.4,6588.0,6588.0,37.01123595505618,234,3,0.0,0.0,0.0,0.0,144.0,0.34951456310679613,134.0,0.32524271844660196,134.0,0.32524271844660196
82.0,6472.0,6472.0,36.77272727272727,234,3,0.0,0.0,0.0,0.0,130.0,0.3170731707317073,141.0,0.3439024390243902,139.0,0.33902439024390246
82.2,6237.0,6237.0,35.4375,235,3,0.0,0.0,0.0,0.0,131.0,0.31873479318734793,149.0,0.36253041362530414,131.0,0.31873479318734793
82.4,6299.0,6299.0,35.3876404494382,234,3,0.0,0.0,0.0,0.0,130.0,0.3155339805825243,148.0,0.3592233009708738,134.0,0.32524271844660196
83.2,6361.0,6361.0,34.95054945054945,234,3,0.0,0.0,0.0,0.0,135.0,0.3245192307692308,150.0,0.3605769230769231,131.0,0.31490384615384615
82.8,6954.0,6954.0,38.41988950276243,233,3,0.0,0.0,0.0,0.0,150.0,0.36231884057971014,131.0,0.3164251207729469,133.0,0.321256038647343
82.4,6536.0,6536.0,36.513966480446925,233,3,0.0,0.0,0.0,0.0,145.0,0.35194174757281554,132.0,0.32038834951456313,135.0,0.3276699029126214
82.6,6658.0,6658.0,37.19553072625698,234,3,0.0,0.0,0.0,0.0,158.0,0.38256658595641646,136.0,0.32929782082324455,119.0,0.288135593220339
82.2,6598.0,6598.0,37.27683615819209,234,3,0.0,0.0,0.0,0.0,154.0,0.3746958637469586,131.0,0.31873479318734793,126.0,0.30656934306569344
82.6,6418.0,6418.0,35.85474860335196,234,3,0.0,0.0,0.0,0.0,154.0,0.3728813559322034,135.0,0.3268765133171913,124.0,0.30024213075060535
83.6,6836.0,6836.0,37.15217391304348,234,3,0.0,0.0,0.0,0.0,156.0,0.37320574162679426,135.0,0.3229665071770335,127.0,0.3038277511961722
85.2,7317.0,7317.0,37.9119170984456,233,3,0.0,0.0,0.0,0.0,156.0,0.36619718309859156,134.0,0.3145539906103286,136.0,0.3192488262910798
85.8,7554.0,7554.0,38.54081632653061,233,3,0.0,0.0,0.0,0.0,161.0,0.3752913752913753,127.0,0.29603729603729606,141.0,0.32867132867132864
85.6,7435.0,7435.0,38.12820512820513,233,3,0.0,0.0,0.0,0.0,156.0,0.3644859813084112,128.0,0.29906542056074764,144.0,0.3364485981308411
85.0,7372.0,7372.0,38.395833333333336,233,3,0.0,0.0,0.0,0.0,153.0,0.36,127.0,0.2988235294117647,145.0,0.3411764705882353
84.2,7192.0,7192.0,38.255319148936174,233,3,0.0,0.0,0.0,0.0,145.0,0.34441805225653205,127.0,0.3016627078384798,149.0,0.35391923990498814
83.8,7254.0,7254.0,39.0,233,3,0.0,0.0,0.0,0.0,140.0,0.3341288782816229,135.0,0.3221957040572792,144.0,0.3436754176610978
83.6,6841.0,6841.0,36.97837837837838,233,3,0.0,0.0,0.0,0.0,140.0,0.3349282296650718,146.0,0.3492822966507177,132.0,0.3157894736842105
83.8,7436.0,7436.0,39.97849462365591,233,3,0.0,0.0,0.0,0.0,146.0,0.34844868735083534,131.0,0.3126491646778043,142.0,0.33890214797136037
83.6,7552.0,7552.0,40.821621621621624,233,3,0.0,0.0,0.0,0.0,138.0,0.33014354066985646,125.0,0.29904306220095694,155.0,0.3708133971291866
84.4,7377.0,7377.0,39.03174603174603,233,3,0.0,0.0,0.0,0.0,139.0,0.3293838862559242,131.0,0.3104265402843602,152.0,0.36018957345971564
85.0,7912.0,7912.0,41.208333333333336,233,3,0.0,0.0,0.0,0.0,144.0,0.3388235294117647,119.0,0.28,162.0,0.3811764705882353
83.8,7316.0,7316.0,39.333333333333336,233,3,0.0,0.0,0.0,0.0,148.0,0.3532219570405728,126.0,0.30071599045346065,145.0,0.3460620525059666
84.2,7258.0,7258.0,38.6063829787234,233,3,0.0,0.0,0.0,0.0,160.0,0.38004750593824227,125.0,0.29691211401425177,136.0,0.32304038004750596
84.2,7613.0,7613.0,40.494680851063826,233,3,0.0,0.0,0.0,0.0,159.0,0.37767220902612825,119.0,0.2826603325415677,143.0,0.33966745843230406
84.4,7674.0,7674.0,40.6031746031746,233,3,0.0,0.0,0.0,0.0,161.0,0.3815165876777251,126.0,0.2985781990521327,135.0,0.31990521327014215
85.6,8267.0,8267.0,42.3948717948718,233,3,0.0,0.0,0.0,0.0,166.0,0.3878504672897196,115.0,0.26869158878504673,147.0,0.34345794392523366
85.8,7968.0,7968.0,40.6530612244898,233,3,0.0,0.0,0.0,0.0,164.0,0.3822843822843823,122.0,0.28438228438228436,143.0,0.3333333333333333
85.6,7732.0,7732.0,39.65128205128205,233,3,0.0,0.0,0.0,0.0,162.0,0.37850467289719625,130.0,0.3037383177570093,136.0,0.3177570093457944
86.0,7489.0,7489.0,38.015228426395936,233,3,0.0,0.0,0.0,0.0,151.0,0.3511627906976744,124.0,0.28837209302325584,155.0,0.36046511627906974
86.6,7260.0,7260.0,36.3,233,3,0.0,0.0,0.0,0.0,150.0,0.3464203233256351,141.0,0.325635103926097,142.0,0.3279445727482679
86.4,7561.0,7561.0,37.994974874371856,233,3,0.0,0.0,0.0,0.0,150.0,0.3472222222222222,139.0,0.32175925925925924,143.0,0.33101851851851855
86.6,7856.0,7856.0,39.28,233,3,0.0,0.0,0.0,0.0,153.0,0.3533487297921478,126.0,0.2909930715935335,154.0,0.3556581986143187
86.2,7980.0,7980.0,40.303030303030305,233,3,0.0,0.0,0.0,0.0,147.0,0.34106728538283065,135.0,0.31322505800464034,149.0,0.345707656612529
84.8,7737.0,7737.0,40.50785340314136,233,3,0.0,0.0,0.0,0.0,147.0,0.3466981132075472,133.0,0.3136792452830189,144.0,0.33962264150943394
84.6,7673.0,7673.0,40.38421052631579,233,3,0.0,0.0,0.0,0.0,158.0,0.3735224586288416,127.0,0.30023640661938533,138.0,0.3262411347517731
85.0,7381.0,7381.0,38.442708333333336,233,3,0.0,0.0,0.0,0.0,148.0,0.34823529411764703,146.0,0.34352941176470586,131.0,0.30823529411764705
85.4,7142.0,7142.0,36.81443298969072,233,3,0.0,0.0,0.0,0.0,166.0,0.38875878220140514,145.0,0.3395784543325527,116.0,0.2716627634660422
85.4,7140.0,7140.0,36.8041237113402,233,3,0.0,0.0,0.0,0.0,155.0,0.3629976580796253,141.0,0.33021077283372363,131.0,0.30679156908665106
86.2,7169.0,7169.0,36.390862944162436,234,3,0.0,0.0,0.0,0.0,138.0,0.32018561484918795,150.0,0.3480278422273782,143.0,0.33178654292343385
85.0,6809.0,6809.0,35.64921465968586,234,3,0.0,0.0,0.0,0.0,133.0,0.3129411764705882,152.0,0.35764705882352943,140.0,0.32941176470588235
83.8,6983.0,6983.0,37.74594594594595,234,3,0.0,0.0,0.0,0.0,116.0,0.27684964200477324,145.0,0.3460620525059666,158.0,0.37708830548926014
84.0,6572.0,6572.0,35.144385026737964,233,3,0.0,0.0,0.0,0.0,113.0,0.26904761904761904,161.0,0.38333333333333336,146.0,0.3476190476190476
84.2,6845.0,6845.0,36.409574468085104,233,3,0.0,0.0,0.0,0.0,120.0,0.2850356294536817,159.0,0.37767220902612825,142.0,0.33729216152019004
84.6,7140.0,7140.0,37.578947368421055,233,3,0.0,0.0,0.0,0.0,136.0,0.3215130023640662,147.0,0.3475177304964539,140.0,0.3309692671394799
84.8,7258.0,7258.0,38.0,233,3,0.0,0.0,0.0,0.0,146.0,0.3443396226415094,140.0,0.330188679245283,138.0,0.32547169811320753
84.6,7434.0,7434.0,39.126315789473686,233,3,0.0,0.0,0.0,0.0,129.0,0.3049645390070922,133.0,0.3144208037825059,161.0,0.3806146572104019
83.4,6953.0,6953.0,37.78804347826087,233,3,0.0,0.0,0.0,0.0,126.0,0.302158273381295,132.0,0.31654676258992803,159.0,0.381294964028777
83.2,6837.0,6837.0,37.36065573770492,233,3,0.0,0.0,0.0,0.0,124.0,0.2980769230769231,139.0,0.33413461538461536,153.0,0.36778846153846156
82.8,6980.0,6980.0,38.56353591160221,233,3,0.0,0.0,0.0,0.0,137.0,0.3309178743961353,134.0,0.32367149758454106,143.0,0.34541062801932365
83.8,7103.0,7103.0,38.18817204301075,233,3,0.0,0.0,0.0,0.0,152.0,0.3627684964200477,140.0,0.3341288782816229,127.0,0.3031026252983294
84.8,7227.0,7227.0,37.83769633507853,233,3,0.0,0.0,0.0,0.0,159.0,0.375,145.0,0.3419811320754717,120.0,0.2830188679245283
84.8,7167.0,7167.0,37.52356020942408,233,3,0.0,0.0,0.0,0.0,155.0,0.36556603773584906,148.0,0.3490566037735849,121.0,0.28537735849056606
85.4,6788.0,6788.0,35.170984455958546,234,3,0.0,0.0,0.0,0.0,137.0,0.32084309133489464,159.0,0.37236533957845436,131.0,0.30679156908665106
84.0,6779.0,6779.0,36.446236559139784,234,3,0.0,0.0,0.0,0.0,133.0,0.31666666666666665,145.0,0.34523809523809523,142.0,0.3380952380952381
84.6,7076.0,7076.0,37.439153439153436,234,3,0.0,0.0,0.0,0.0,126.0,0.2978723404255319,137.0,0.32387706855791965,160.0,0.37825059101654845
83.2,7426.0,7426.0,40.5792349726776,233,3,0.0,0.0,0.0,0.0,126.0,0.30288461538461536,116.0,0.27884615384615385,174.0,0.4182692307692308
84.4,7846.0,7846.0,41.51322751322751,233,3,0.0,0.0,0.0,0.0,133.0,0.31516587677725116,114.0,0.27014218009478674,175.0,0.4146919431279621
84.8,7789.0,7789.0,40.78010471204188,233,3,0.0,0.0,0.0,0.0,141.0,0.33254716981132076,119.0,0.2806603773584906,164.0,0.3867924528301887
84.4,7550.0,7550.0,40.159574468085104,234,3,0.0,0.0,0.0,0.0,149.0,0.35308056872037913,126.0,0.2985781990521327,147.0,0.34834123222748814
85.8,7318.0,7318.0,37.52820512820513,234,3,0.0,0.0,0.0,0.0,149.0,0.3473193473193473,143.0,0.3333333333333333,137.0,0.31934731934731936
85.2,6903.0,6903.0,35.953125,234,3,0.0,0.0,0.0,0.0,133.0,0.31220657276995306,158.0,0.37089201877934275,135.0,0.31690140845070425
85.0,7023.0,7023.0,36.769633507853406,234,3,0.0,0.0,0.0,0.0,115.0,0.27058823529411763,157.0,0.36941176470588233,153.0,0.36
84.6,7318.0,7318.0,38.51578947368421,233,3,0.0,0.0,0.0,0.0,122.0,0.28841607565011823,145.0,0.34278959810874704,156.0,0.36879432624113473
84.8,6907.0,6907.0,36.16230366492147,233,3,0.0,0.0,0.0,0.0,112.0,0.2641509433962264,160.0,0.37735849056603776,152.0,0.3584905660377358
83.8,6962.0,6962.0,37.43010752688172,233,3,0.0,0.0,0.0,0.0,118.0,0.28162291169451076,152.0,0.3627684964200477,149.0,0.3556085918854415
84.6,6904.0,6904.0,36.33684210526316,233,3,0.0,0.0,0.0,0.0,137.0,0.32387706855791965,153.0,0.3617021276595745,133.0,0.3144208037825059
85.0,6847.0,6847.0,35.661458333333336,233,3,0.0,0.0,0.0,0.0,134.0,0.31529411764705884,157.0,0.36941176470588233,134.0,0.31529411764705884
85.6,7497.0,7497.0,38.25,232,3,0.0,0.0,0.0,0.0,141.0,0.3294392523364486,140.0,0.32710280373831774,147.0,0.34345794392523366
86.6,7797.0,7797.0,38.791044776119406,232,3,0.0,0.0,0.0,0.0,153.0,0.3533487297921478,135.0,0.3117782909930716,145.0,0.3348729792147806
87.6,8216.0,8216.0,39.883495145631066,232,3,0.0,0.0,0.0,0.0,153.0,0.3493150684931507,131.0,0.2990867579908676,154.0,0.3515981735159817
86.8,8157.0,8157.0,40.381188118811885,232,3,0.0,0.0,0.0,0.0,150.0,0.3456221198156682,131.0,0.30184331797235026,153.0,0.35253456221198154
87.0,8100.0,8100.0,40.0990099009901,233,3,0.0,0.0,0.0,0.0,159.0,0.36551724137931035,134.0,0.3080459770114943,142.0,0.3264367816091954
86.8,7627.0,7627.0,37.9452736318408,233,3,0.0,0.0,0.0,0.0,148.0,0.34101382488479265,149.0,0.3433179723502304,137.0,0.315668202764977
86.0,7212.0,7212.0,36.609137055837564,233,3,0.0,0.0,0.0,0.0,137.0,0.3186046511627907,159.0,0.3697674418604651,134.0,0.3116279069767442
86.6,7564.0,7564.0,37.82,233,3,0.0,0.0,0.0,0.0,151.0,0.34872979214780603,145.0,0.3348729792147806,137.0,0.3163972286374134
86.4,7623.0,7623.0,38.115,232,3,0.0,0.0,0.0,0.0,150.0,0.3472222222222222,142.0,0.3287037037037037,140.0,0.32407407407407407
86.2,8214.0,8214.0,41.27638190954774,232,3,0.0,0.0,0.0,0.0,162.0,0.37587006960556846,122.0,0.28306264501160094,147.0,0.34106728538283065
86.6,8982.0,8982.0,44.6865671641791,232,3,0.0,0.0,0.0,0.0,180.0,0.41570438799076215,97.0,0.22401847575057737,156.0,0.36027713625866054
86.2,8865.0,8865.0,44.54773869346734,232,3,0.0,0.0,0.0,0.0,172.0,0.3990719257540603,102.0,0.23665893271461716,157.0,0.3642691415313225
87.0,8806.0,8806.0,43.59405940594059,233,3,0.0,0.0,0.0,0.0,171.0,0.3931034482758621,107.0,0.24597701149425288,157.0,0.36091954022988504
88.2,8631.0,8631.0,41.49519230769231,233,3,0.0,0.0,0.0,0.0,176.0,0.39909297052154197,119.0,0.2698412698412698,146.0,0.3310657596371882
88.6,8279.0,8279.0,39.423809523809524,233,3,0.0,0.0,0.0,0.0,161.0,0.36343115124153497,137.0,0.309255079006772,145.0,0.327313769751693
88.8,7688.0,7688.0,36.43601895734597,233,3,0.0,0.0,0.0,0.0,161.0,0.36261261261261263,154.0,0.34684684684684686,129.0,0.2905405405405405
87.4,7390.0,7390.0,36.22549019607843,233,3,0.0,0.0,0.0,0.0,152.0,0.34782608695652173,156.0,0.35697940503432496,129.0,0.2951945080091533
87.0,7511.0,7511.0,37.0,232,3,0.0,0.0,0.0,0.0,138.0,0.31724137931034485,154.0,0.35402298850574715,143.0,0.32873563218390806
86.2,7213.0,7213.0,36.246231155778894,232,3,0.0,0.0,0.0,0.0,149.0,0.345707656612529,159.0,0.3689095127610209,123.0,0.2853828306264501
85.6,7388.0,7388.0,37.69387755102041,232,3,0.0,0.0,0.0,0.0,141.0,0.3294392523364486,157.0,0.36682242990654207,130.0,0.3037383177570093
85.4,7326.0,7326.0,37.56923076923077,232,3,0.0,0.0,0.0,0.0,138.0,0.3231850117096019,156.0,0.36533957845433257,133.0,0.3114754098360656
85.0,6965.0,6965.0,36.276041666666664,233,3,0.0,0.0,0.0,0.0,133.0,0.3129411764705882,161.0,0.3788235294117647,131.0,0.30823529411764705
85.4,7202.0,7202.0,37.123711340206185,233,3,0.0,0.0,0.0,0.0,138.0,0.3231850117096019,151.0,0.35362997658079626,138.0,0.3231850117096019
87.4,7568.0,7568.0,37.09803921568628,233,3,0.0,0.0,0.0,0.0,146.0,0.3340961098398169,153.0,0.3501144164759725,138.0,0.3157894736842105
87.4,7630.0,7630.0,37.40196078431372,233,3,0.0,0.0,0.0,0.0,159.0,0.36384439359267734,151.0,0.34553775743707094,127.0,0.2906178489702517
87.0,7982.0,7982.0,39.51485148514851,233,3,0.0,0.0,0.0,0.0,176.0,0.4045977011494253,137.0,0.31494252873563217,122.0,0.28045977011494255
86.8,7921.0,7921.0,39.407960199004975,233,3,0.0,0.0,0.0,0.0,168.0,0.3870967741935484,139.0,0.32027649769585254,127.0,0.2926267281105991
86.2,7915.0,7915.0,39.974747474747474,233,3,0.0,0.0,0.0,0.0,168.0,0.38979118329466356,132.0,0.3062645011600928,131.0,0.3039443155452436
86.6,7974.0,7974.0,39.87,233,3,0.0,0.0,0.0,0.0,156.0,0.36027713625866054,132.0,0.30484988452655887,145.0,0.3348729792147806
86.8,7801.0,7801.0,38.81094527363184,233,3,0.0,0.0,0.0,0.0,143.0,0.3294930875576037,144.0,0.3317972350230415,147.0,0.3387096774193548
87.8,8160.0,8160.0,39.61165048543689,233,3,0.0,0.0,0.0,0.0,147.0,0.3348519362186788,142.0,0.3234624145785877,150.0,0.3416856492027335
87.2,8042.0,8042.0,39.61576354679803,233,3,0.0,0.0,0.0,0.0,136.0,0.3119266055045872,143.0,0.32798165137614677,157.0,0.36009174311926606
87.0,8221.0,8221.0,40.49753694581281,232,3,0.0,0.0,0.0,0.0,135.0,0.3103448275862069,142.0,0.3264367816091954,158.0,0.3632183908045977
87.6,8460.0,8460.0,41.067961165048544,232,3,0.0,0.0,0.0,0.0,141.0,0.3219178082191781,135.0,0.3082191780821918,162.0,0.3698630136986301
86.6,7809.0,7809.0,38.850746268656714,232,3,0.0,0.0,0.0,0.0,135.0,0.3117782909930716,150.0,0.3464203233256351,148.0,0.3418013856812933
87.0,7808.0,7808.0,38.46305418719212,232,3,0.0,0.0,0.0,0.0,137.0,0.31494252873563217,151.0,0.3471264367816092,147.0,0.33793103448275863
87.2,7806.0,7806.0,38.45320197044335,233,3,0.0,0.0,0.0,0.0,153.0,0.35091743119266056,147.0,0.33715596330275227,136.0,0.3119266055045872
87.4,8102.0,8102.0,39.71568627450981,233,3,0.0,0.0,0.0,0.0,167.0,0.38215102974828374,139.0,0.3180778032036613,131.0,0.2997711670480549
87.0,8218.0,8218.0,40.68316831683168,233,3,0.0,0.0,0.0,0.0,163.0,0.37471264367816093,131.0,0.30114942528735633,141.0,0.32413793103448274
85.2,8093.0,8093.0,41.932642487046635,233,3,0.0,0.0,0.0,0.0,167.0,0.392018779342723,120.0,0.28169014084507044,139.0,0.32629107981220656
84.8,8095.0,8095.0,42.161458333333336,232,3,0.0,0.0,0.0,0.0,168.0,0.39622641509433965,124.0,0.29245283018867924,132.0,0.3113207547169811
84.0,7856.0,7856.0,41.787234042553195,232,3,0.0,0.0,0.0,0.0,155.0,0.36904761904761907,128.0,0.3047619047619048,137.0,0.3261904761904762
85.4,8158.0,8158.0,41.83589743589744,232,3,0.0,0.0,0.0,0.0,145.0,0.3395784543325527,130.0,0.3044496487119438,152.0,0.3559718969555035
87.6,8524.0,8524.0,41.37864077669903,232,3,0.0,0.0,0.0,0.0,148.0,0.3378995433789954,142.0,0.3242009132420091,148.0,0.3378995433789954
88.4,8585.0,8585.0,41.07655502392345,233,3,0.0,0.0,0.0,0.0,139.0,0.31447963800904977,141.0,0.3190045248868778,162.0,0.3665158371040724
88.8,8172.0,8172.0,38.54716981132076,232,3,0.0,0.0,0.0,0.0,129.0,0.2905405405405405,155.0,0.3490990990990991,160.0,0.36036036036036034
88.4,7779.0,7779.0,37.042857142857144,232,3,0.0,0.0,0.0,0.0,138.0,0.31221719457013575,159.0,0.3597285067873303,145.0,0.32805429864253394
87.4,7715.0,7715.0,37.63414634146341,232,3,0.0,0.0,0.0,0.0,140.0,0.32036613272311215,151.0,0.34553775743707094,146.0,0.3340961098398169
87.2,7477.0,7477.0,36.65196078431372,232,3,0.0,0.0,0.0,0.0,144.0,0.3302752293577982,155.0,0.3555045871559633,137.0,0.31422018348623854
87.4,7773.0,7773.0,37.917073170731705,232,3,0.0,0.0,0.0,0.0,159.0,0.36384439359267734,145.0,0.3318077803203661,133.0,0.30434782608695654
87.8,8399.0,8399.0,40.771844660194176,233,3,0.0,0.0,0.0,0.0,170.0,0.38724373576309795,133.0,0.30296127562642367,136.0,0.3097949886104784
88.4,8282.0,8282.0,39.6267942583732,233,3,0.0,0.0,0.0,0.0,167.0,0.3778280542986425,137.0,0.30995475113122173,138.0,0.31221719457013575
88.6,8224.0,8224.0,38.976303317535546,232,3,0.0,0.0,0.0,0.0,164.0,0.37020316027088035,141.0,0.3182844243792325,138.0,0.3115124153498871
88.6,8165.0,8165.0,38.69668246445497,232,3,0.0,0.0,0.0,0.0,161.0,0.36343115124153497,145.0,0.327313769751693,137.0,0.309255079006772
89.2,8463.0,8463.0,39.546728971962615,232,3,0.0,0.0,0.0,0.0,155.0,0.3475336322869955,141.0,0.31614349775784756,150.0,0.336322869955157
89.6,8348.0,8348.0,38.648148148148145,232,3,0.0,0.0,0.0,0.0,155.0,0.34598214285714285,150.0,0.33482142857142855,143.0,0.31919642857142855
89.6,8844.0,8844.0,41.13488372093023,233,3,0.0,0.0,0.0,0.0,162.0,0.36160714285714285,133.0,0.296875,153.0,0.34151785714285715
89.4,8374.0,8374.0,38.948837209302326,232,3,0.0,0.0,0.0,0.0,145.0,0.3243847874720358,149.0,0.3333333333333333,153.0,0.3422818791946309
89.2,8079.0,8079.0,37.75233644859813,232,3,0.0,0.0,0.0,0.0,144.0,0.32286995515695066,156.0,0.34977578475336324,146.0,0.3273542600896861
89.2,7962.0,7962.0,37.205607476635514,232,3,0.0,0.0,0.0,0.0,137.0,0.3071748878923767,160.0,0.35874439461883406,149.0,0.33408071748878926
89.2,8115.0,8115.0,37.74418604651163,231,3,0.0,0.0,0.0,0.0,131.0,0.2937219730941704,155.0,0.3475336322869955,160.0,0.35874439461883406
89.8,8354.0,8354.0,38.49769585253456,232,3,0.0,0.0,0.0,0.0,135.0,0.30066815144766146,153.0,0.34075723830734966,161.0,0.3585746102449889
89.6,7820.0,7820.0,36.2037037037037,232,3,0.0,0.0,0.0,0.0,136.0,0.30357142857142855,170.0,0.3794642857142857,142.0,0.3169642857142857
88.6,8111.0,8111.0,38.44075829383886,232,3,0.0,0.0,0.0,0.0,142.0,0.32054176072234764,152.0,0.3431151241534989,149.0,0.3363431151241535
88.6,7582.0,7582.0,35.93364928909953,232,3,0.0,0.0,0.0,0.0,147.0,0.33182844243792325,173.0,0.3905191873589165,123.0,0.27765237020316025
89.4,7703.0,7703.0,35.82790697674419,232,3,0.0,0.0,0.0,0.0,149.0,0.3333333333333333,174.0,0.38926174496644295,124.0,0.27740492170022374
89.0,8234.0,8234.0,38.65727699530517,232,3,0.0,0.0,0.0,0.0,143.0,0.32134831460674157,153.0,0.3438202247191011,149.0,0.3348314606741573
89.6,8236.0,8236.0,38.129629629629626,232,3,0.0,0.0,0.0,0.0,145.0,0.3236607142857143,159.0,0.3549107142857143,144.0,0.32142857142857145
89.4,8707.0,8707.0,40.49767441860465,232,3,0.0,0.0,0.0,0.0,157.0,0.3512304250559284,143.0,0.319910514541387,147.0,0.3288590604026846
89.0,8879.0,8879.0,41.68544600938967,232,3,0.0,0.0,0.0,0.0,169.0,0.3797752808988764,127.0,0.2853932584269663,149.0,0.3348314606741573
89.2,8584.0,8584.0,40.11214953271028,232,3,0.0,0.0,0.0,0.0,169.0,0.3789237668161435,138.0,0.3094170403587444,139.0,0.3116591928251121
89.2,8408.0,8408.0,39.28971962616822,232,3,0.0,0.0,0.0,0.0,169.0,0.3789237668161435,145.0,0.3251121076233184,132.0,0.29596412556053814
90.0,8590.0,8590.0,39.403669724770644,232,3,0.0,0.0,0.0,0.0,149.0,0.33111111111111113,147.0,0.32666666666666666,154.0,0.3422222222222222
90.4,8654.0,8654.0,39.336363636363636,232,3,0.0,0.0,0.0,0.0,136.0,0.3008849557522124,155.0,0.34292035398230086,161.0,0.3561946902654867
90.6,9010.0,9010.0,40.76923076923077,232,3,0.0,0.0,0.0,0.0,145.0,0.3200883002207506,144.0,0.31788079470198677,164.0,0.3620309050772627
90.6,9007.0,9007.0,40.755656108597286,232,3,0.0,0.0,0.0,0.0,136.0,0.30022075055187636,139.0,0.3068432671081678,178.0,0.39293598233995586
90.6,8829.0,8829.0,39.95022624434389,232,3,0.0,0.0,0.0,0.0,153.0,0.33774834437086093,142.0,0.31346578366445915,158.0,0.3487858719646799
90.4,8710.0,8710.0,39.59090909090909,232,3,0.0,0.0,0.0,0.0,157.0,0.3473451327433628,144.0,0.3185840707964602,151.0,0.334070796460177
90.0,8412.0,8412.0,38.764976958525345,233,3,0.0,0.0,0.0,0.0,157.0,0.3488888888888889,152.0,0.3377777777777778,141.0,0.31333333333333335
89.8,8414.0,8414.0,38.9537037037037,233,3,0.0,0.0,0.0,0.0,156.0,0.34743875278396436,157.0,0.34966592427616927,136.0,0.3028953229398664
89.4,8236.0,8236.0,38.48598130841121,233,3,0.0,0.0,0.0,0.0,138.0,0.3087248322147651,163.0,0.36465324384787473,146.0,0.32662192393736017
89.2,8473.0,8473.0,39.59345794392523,232,3,0.0,0.0,0.0,0.0,144.0,0.32286995515695066,156.0,0.34977578475336324,146.0,0.3273542600896861
89.8,8653.0,8653.0,39.87557603686636,232,3,0.0,0.0,0.0,0.0,134.0,0.2984409799554566,154.0,0.3429844097995546,161.0,0.3585746102449889
90.6,8598.0,8598.0,38.90497737556561,232,3,0.0,0.0,0.0,0.0,134.0,0.2958057395143488,161.0,0.3554083885209713,158.0,0.3487858719646799
90.4,8537.0,8537.0,38.804545454545455,232,3,0.0,0.0,0.0,0.0,150.0,0.33185840707964603,158.0,0.3495575221238938,144.0,0.3185840707964602
90.6,8361.0,8361.0,37.83257918552036,232,3,0.0,0.0,0.0,0.0,143.0,0.31567328918322296,167.0,0.3686534216335541,143.0,0.31567328918322296
90.4,8419.0,8419.0,38.44292237442922,233,3,0.0,0.0,0.0,0.0,152.0,0.336283185840708,163.0,0.3606194690265487,137.0,0.3030973451327434
90.4,8715.0,8715.0,39.61363636363637,232,3,0.0,0.0,0.0,0.0,151.0,0.334070796460177,155.0,0.34292035398230086,146.0,0.3230088495575221
90.8,8541.0,8541.0,38.472972972972975,232,3,0.0,0.0,0.0,0.0,131.0,0.28854625550660795,166.0,0.3656387665198238,157.0,0.3458149779735683
90.8,8482.0,8482.0,38.207207207207205,232,3,0.0,0.0,0.0,0.0,131.0,0.28854625550660795,166.0,0.3656387665198238,157.0,0.3458149779735683
91.0,8424.0,8424.0,37.775784753363226,232,3,0.0,0.0,0.0,0.0,125.0,0.27472527472527475,169.0,0.37142857142857144,161.0,0.35384615384615387
91.2,8306.0,8306.0,37.24663677130045,233,3,0.0,0.0,0.0,0.0,132.0,0.2894736842105263,173.0,0.3793859649122807,151.0,0.33114035087719296
91.0,8837.0,8837.0,39.62780269058296,232,3,0.0,0.0,0.0,0.0,153.0,0.3362637362637363,156.0,0.34285714285714286,146.0,0.3208791208791209
91.6,9076.0,9076.0,40.15929203539823,232,3,0.0,0.0,0.0,0.0,153.0,0.33406113537117904,154.0,0.33624454148471616,151.0,0.3296943231441048
91.4,9075.0,9075.0,40.333333333333336,232,3,0.0,0.0,0.0,0.0,160.0,0.350109409190372,153.0,0.3347921225382932,144.0,0.3150984682713348
91.4,8602.0,8602.0,38.23111111111111,232,3,0.0,0.0,0.0,0.0,161.0,0.3522975929978118,166.0,0.36323851203501095,130.0,0.2844638949671772
92.2,8487.0,8487.0,37.223684210526315,233,3,0.0,0.0,0.0,0.0,157.0,0.3405639913232104,175.0,0.3796095444685466,129.0,0.279826464208243
91.0,8600.0,8600.0,38.56502242152467,232,3,0.0,0.0,0.0,0.0,165.0,0.3626373626373626,161.0,0.35384615384615387,129.0,0.2835164835164835
91.0,8541.0,8541.0,38.300448430493276,232,3,0.0,0.0,0.0,0.0,153.0,0.3362637362637363,163.0,0.35824175824175825,139.0,0.3054945054945055
90.4,8834.0,8834.0,40.154545454545456,232,3,0.0,0.0,0.0,0.0,153.0,0.33849557522123896,150.0,0.33185840707964603,149.0,0.32964601769911506
90.2,8774.0,8774.0,40.06392694063927,232,3,0.0,0.0,0.0,0.0,145.0,0.3215077605321508,150.0,0.3325942350332594,156.0,0.3458980044345898
91.2,8661.0,8661.0,38.66517857142857,232,3,0.0,0.0,0.0,0.0,136.0,0.2982456140350877,164.0,0.35964912280701755,156.0,0.34210526315789475
91.8,9017.0,9017.0,39.89823008849557,233,3,0.0,0.0,0.0,0.0,149.0,0.32461873638344224,155.0,0.33769063180827885,155.0,0.33769063180827885
92.0,9314.0,9314.0,40.85087719298246,232,3,0.0,0.0,0.0,0.0,153.0,0.33260869565217394,148.0,0.3217391304347826,159.0,0.3456521739130435
92.0,9372.0,9372.0,41.10526315789474,232,3,0.0,0.0,0.0,0.0,164.0,0.3565217391304348,144.0,0.3130434782608696,152.0,0.33043478260869563
91.4,9369.0,9369.0,41.64,232,3,0.0,0.0,0.0,0.0,181.0,0.39606126914660833,140.0,0.3063457330415755,136.0,0.2975929978118162
91.2,9132.0,9132.0,40.767857142857146,232,3,0.0,0.0,0.0,0.0,170.0,0.37280701754385964,146.0,0.3201754385964912,140.0,0.30701754385964913
91.4,9132.0,9132.0,40.767857142857146,233,3,0.0,0.0,0.0,0.0,159.0,0.3479212253829322,147.0,0.32166301969365424,151.0,0.3304157549234136
91.4,9427.0,9427.0,42.08482142857143,233,3,0.0,0.0,0.0,0.0,156.0,0.3413566739606127,139.0,0.3041575492341357,162.0,0.3544857768052516
91.8,9842.0,9842.0,43.3568281938326,232,3,0.0,0.0,0.0,0.0,155.0,0.33769063180827885,127.0,0.2766884531590414,177.0,0.38562091503267976
91.8,9606.0,9606.0,42.31718061674009,232,3,0.0,0.0,0.0,0.0,160.0,0.3485838779956427,135.0,0.29411764705882354,164.0,0.3572984749455338
92.0,9546.0,9546.0,41.86842105263158,232,3,0.0,0.0,0.0,0.0,168.0,0.3652173913043478,139.0,0.30217391304347824,153.0,0.33260869565217394
91.8,9309.0,9309.0,41.008810572687224,232,3,0.0,0.0,0.0,0.0,170.0,0.37037037037037035,145.0,0.3159041394335512,144.0,0.3137254901960784
92.2,9015.0,9015.0,39.53947368421053,233,3,0.0,0.0,0.0,0.0,166.0,0.3600867678958785,158.0,0.34273318872017355,137.0,0.29718004338394793
91.8,9308.0,9308.0,41.00440528634361,232,3,0.0,0.0,0.0,0.0,165.0,0.35947712418300654,146.0,0.31808278867102396,148.0,0.3224400871459695
92.0,8898.0,8898.0,39.026315789473685,232,3,0.0,0.0,0.0,0.0,161.0,0.35,161.0,0.35,138.0,0.3
91.8,8956.0,8956.0,39.45374449339207,232,3,0.0,0.0,0.0,0.0,171.0,0.37254901960784315,155.0,0.33769063180827885,133.0,0.289760348583878
91.6,8838.0,8838.0,39.10619469026549,232,3,0.0,0.0,0.0,0.0,162.0,0.3537117903930131,159.0,0.3471615720524017,137.0,0.29912663755458513
91.6,9016.0,9016.0,39.89380530973451,232,3,0.0,0.0,0.0,0.0,168.0,0.36681222707423583,154.0,0.33624454148471616,136.0,0.29694323144104806
91.4,9191.0,9191.0,41.03125,233,3,0.0,0.0,0.0,0.0,167.0,0.36542669584245074,144.0,0.3150984682713348,146.0,0.31947483588621445
91.8,8781.0,8781.0,38.85398230088496,233,3,0.0,0.0,0.0,0.0,150.0,0.32679738562091504,164.0,0.3572984749455338,145.0,0.3159041394335512
91.8,8896.0,8896.0,39.36283185840708,233,3,0.0,0.0,0.0,0.0,151.0,0.3289760348583878,157.0,0.3420479302832244,151.0,0.3289760348583878
92.0,9075.0,9075.0,39.80263157894737,232,3,0.0,0.0,0.0,0.0,149.0,0.3239130434782609,154.0,0.3347826086956522,157.0,0.34130434782608693
92.0,9134.0,9134.0,40.06140350877193,232,3,0.0,0.0,0.0,0.0,138.0,0.3,153.0,0.33260869565217394,169.0,0.3673913043478261
92.0,9368.0,9368.0,41.08771929824562,232,3,0.0,0.0,0.0,0.0,142.0,0.30869565217391304,144.0,0.3130434782608696,174.0,0.3782608695652174
91.8,9311.0,9311.0,41.01762114537445,232,3,0.0,0.0,0.0,0.0,140.0,0.30501089324618735,147.0,0.3202614379084967,172.0,0.3747276688453159
92.0,9014.0,9014.0,39.709251101321584,233,3,0.0,0.0,0.0,0.0,142.0,0.30869565217391304,155.0,0.33695652173913043,163.0,0.35434782608695653
92.4,9251.0,9251.0,40.39737991266376,233,3,0.0,0.0,0.0,0.0,171.0,0.37012987012987014,148.0,0.3203463203463203,143.0,0.30952380952380953
92.4,9430.0,9430.0,41.17903930131004,233,3,0.0,0.0,0.0,0.0,173.0,0.37445887445887444,144.0,0.3116883116883117,145.0,0.31385281385281383
92.6,9668.0,9668.0,41.85281385281385,232,3,0.0,0.0,0.0,0.0,186.0,0.4017278617710583,139.0,0.3002159827213823,138.0,0.2980561555075594
92.6,9788.0,9788.0,42.37229437229437,232,3,0.0,0.0,0.0,0.0,172.0,0.3714902807775378,137.0,0.2958963282937365,154.0,0.3326133909287257
92.2,9728.0,9728.0,42.480349344978166,232,3,0.0,0.0,0.0,0.0,173.0,0.3752711496746204,137.0,0.29718004338394793,151.0,0.3275488069414317
92.0,9550.0,9550.0,41.8859649122807,232,3,0.0,0.0,0.0,0.0,170.0,0.3695652173913043,141.0,0.3065217391304348,149.0,0.3239130434782609
92.2,9431.0,9431.0,41.3640350877193,233,3,0.0,0.0,0.0,0.0,170.0,0.368763557483731,143.0,0.31019522776572667,148.0,0.3210412147505423
92.0,9430.0,9430.0,41.541850220264315,233,3,0.0,0.0,0.0,0.0,175.0,0.3804347826086957,141.0,0.3065217391304348,144.0,0.3130434782608696
92.0,9489.0,9489.0,41.801762114537446,233,3,0.0,0.0,0.0,0.0,158.0,0.34347826086956523,139.0,0.30217391304347824,163.0,0.35434782608695653
92.4,9667.0,9667.0,42.213973799126634,233,3,0.0,0.0,0.0,0.0,153.0,0.33116883116883117,134.0,0.29004329004329005,175.0,0.3787878787878788
92.2,9903.0,9903.0,43.43421052631579,233,3,0.0,0.0,0.0,0.0,157.0,0.3405639913232104,127.0,0.2754880694143167,177.0,0.3839479392624729
92.0,9608.0,9608.0,42.14035087719298,232,3,0.0,0.0,0.0,0.0,155.0,0.33695652173913043,137.0,0.29782608695652174,168.0,0.3652173913043478
92.4,9669.0,9669.0,42.03913043478261,232,3,0.0,0.0,0.0,0.0,167.0,0.36147186147186144,139.0,0.3008658008658009,156.0,0.33766233766233766
92.4,9552.0,9552.0,41.530434782608694,232,3,0.0,0.0,0.0,0.0,175.0,0.3787878787878788,145.0,0.31385281385281383,142.0,0.30735930735930733
92.8,9495.0,9495.0,40.92672413793103,232,3,0.0,0.0,0.0,0.0,158.0,0.34051724137931033,150.0,0.3232758620689655,156.0,0.33620689655172414
93.2,9260.0,9260.0,39.742489270386265,233,3,0.0,0.0,0.0,0.0,140.0,0.30042918454935624,160.0,0.34334763948497854,166.0,0.3562231759656652
93.0,9317.0,9317.0,40.15948275862069,233,3,0.0,0.0,0.0,0.0,134.0,0.28817204301075267,154.0,0.3311827956989247,177.0,0.38064516129032255
93.0,9376.0,9376.0,40.41379310344828,233,3,0.0,0.0,0.0,0.0,130.0,0.27956989247311825,152.0,0.32688172043010755,183.0,0.3935483870967742
92.8,9139.0,9139.0,39.56277056277056,233,3,0.0,0.0,0.0,0.0,128.0,0.27586206896551724,159.0,0.3426724137931034,177.0,0.38146551724137934
92.8,9198.0,9198.0,39.81818181818182,233,3,0.0,0.0,0.0,0.0,142.0,0.30603448275862066,157.0,0.33836206896551724,165.0,0.35560344827586204
93.0,9023.0,9023.0,38.89224137931034,233,3,0.0,0.0,0.0,0.0,144.0,0.3096774193548387,167.0,0.35913978494623655,154.0,0.3311827956989247
93.0,9259.0,9259.0,39.90948275862069,233,3,0.0,0.0,0.0,0.0,146.0,0.3139784946236559,159.0,0.3419354838709677,160.0,0.34408602150537637
93.0,9613.0,9613.0,41.435344827586206,233,3,0.0,0.0,0.0,0.0,179.0,0.3849462365591398,146.0,0.3139784946236559,140.0,0.3010752688172043
92.8,9554.0,9554.0,41.18103448275862,232,3,0.0,0.0,0.0,0.0,168.0,0.3620689655172414,148.0,0.31896551724137934,148.0,0.31896551724137934
92.8,9637.0,9637.0,41.53879310344828,232,3,0.0,0.0,0.0,0.0,168.0,0.3620689655172414,144.0,0.3103448275862069,152.0,0.3275862068965517
92.8,9459.0,9459.0,40.77155172413793,232,3,0.0,0.0,0.0,0.0,174.0,0.375,150.0,0.3232758620689655,140.0,0.3017241379310345
92.6,9458.0,9458.0,40.943722943722946,232,3,0.0,0.0,0.0,0.0,158.0,0.3412526997840173,149.0,0.32181425485961124,156.0,0.3369330453563715
92.8,9518.0,9518.0,41.025862068965516,232,3,0.0,0.0,0.0,0.0,166.0,0.3577586206896552,149.0,0.32112068965517243,149.0,0.32112068965517243
93.0,9376.0,9376.0,40.41379310344828,233,3,0.0,0.0,0.0,0.0,162.0,0.34838709677419355,155.0,0.3333333333333333,148.0,0.31827956989247314
93.0,9731.0,9731.0,41.94396551724138,233,3,0.0,0.0,0.0,0.0,160.0,0.34408602150537637,143.0,0.30752688172043013,162.0,0.34838709677419355
93.2,9673.0,9673.0,41.51502145922747,233,3,0.0,0.0,0.0,0.0,162.0,0.34763948497854075,146.0,0.3133047210300429,158.0,0.33905579399141633
93.2,9673.0,9673.0,41.51502145922747,233,3,0.0,0.0,0.0,0.0,164.0,0.351931330472103,146.0,0.3133047210300429,156.0,0.33476394849785407
93.2,9673.0,9673.0,41.51502145922747,233,3,0.0,0.0,0.0,0.0,164.0,0.351931330472103,146.0,0.3133047210300429,156.0,0.33476394849785407
93.2,9319.0,9319.0,39.99570815450644,233,3,0.0,0.0,0.0,0.0,150.0,0.3218884120171674,158.0,0.33905579399141633,158.0,0.33905579399141633
93.2,9614.0,9614.0,41.261802575107296,233,3,0.0,0.0,0.0,0.0,172.0,0.36909871244635195,148.0,0.31759656652360513,146.0,0.3133047210300429
93.2,9555.0,9555.0,41.00858369098712,233,3,0.0,0.0,0.0,0.0,178.0,0.38197424892703863,150.0,0.3218884120171674,138.0,0.296137339055794
93.2,9790.0,9790.0,42.01716738197425,233,3,0.0,0.0,0.0,0.0,188.0,0.4034334763948498,142.0,0.30472103004291845,136.0,0.2918454935622318
93.2,10144.0,10144.0,43.53648068669528,233,3,0.0,0.0,0.0,0.0,202.0,0.4334763948497854,130.0,0.27896995708154504,134.0,0.2875536480686695
93.2,9967.0,9967.0,42.776824034334766,233,3,0.0,0.0,0.0,0.0,174.0,0.37339055793991416,136.0,0.2918454935622318,156.0,0.33476394849785407
93.2,9613.0,9613.0,41.257510729613735,233,3,0.0,0.0,0.0,0.0,166.0,0.3562231759656652,148.0,0.31759656652360513,152.0,0.3261802575107296
93.2,9791.0,9791.0,42.02145922746781,233,3,0.0,0.0,0.0,0.0,152.0,0.3261802575107296,142.0,0.30472103004291845,172.0,0.36909871244635195
93.2,9142.0,9142.0,39.23605150214592,233,3,0.0,0.0,0.0,0.0,142.0,0.30472103004291845,164.0,0.351931330472103,160.0,0.34334763948497854
92.8,9022.0,9022.0,39.056277056277054,233,3,0.0,0.0,0.0,0.0,153.0,0.3297413793103448,165.0,0.35560344827586204,146.0,0.3146551724137931
92.8,9494.0,9494.0,41.099567099567096,233,3,0.0,0.0,0.0,0.0,147.0,0.3168103448275862,149.0,0.32112068965517243,168.0,0.3620689655172414
92.4,9256.0,9256.0,40.419213973799124,233,3,0.0,0.0,0.0,0.0,157.0,0.3398268398268398,155.0,0.3354978354978355,150.0,0.3246753246753247
92.4,9610.0,9610.0,41.96506550218341,233,3,0.0,0.0,0.0,0.0,171.0,0.37012987012987014,143.0,0.30952380952380953,148.0,0.3203463203463203
92.8,9612.0,9612.0,41.61038961038961,233,3,0.0,0.0,0.0,0.0,160.0,0.3448275862068966,146.0,0.3146551724137931,158.0,0.34051724137931033
92.6,9434.0,9434.0,41.017391304347825,233,3,0.0,0.0,0.0,0.0,170.0,0.367170626349892,151.0,0.326133909287257,142.0,0.30669546436285094
92.8,9553.0,9553.0,41.35497835497836,233,3,0.0,0.0,0.0,0.0,160.0,0.3448275862068966,148.0,0.31896551724137934,156.0,0.33620689655172414
92.8,9611.0,9611.0,41.60606060606061,233,3,0.0,0.0,0.0,0.0,148.0,0.31896551724137934,144.0,0.3103448275862069,172.0,0.3706896551724138
92.8,9729.0,9729.0,42.116883116883116,233,3,0.0,0.0,0.0,0.0,146.0,0.3146551724137931,140.0,0.3017241379310345,178.0,0.38362068965517243
93.0,9730.0,9730.0,41.939655172413794,233,3,0.0,0.0,0.0,0.0,140.0,0.3010752688172043,141.0,0.3032258064516129,184.0,0.3956989247311828
93.2,9495.0,9495.0,40.75107296137339,233,3,0.0,0.0,0.0,0.0,142.0,0.30472103004291845,150.0,0.3218884120171674,174.0,0.37339055793991416
93.0,9554.0,9554.0,41.18103448275862,233,3,0.0,0.0,0.0,0.0,154.0,0.3311827956989247,148.0,0.31827956989247314,163.0,0.35053763440860214
92.8,9376.0,9376.0,40.58874458874459,233,3,0.0,0.0,0.0,0.0,157.0,0.33836206896551724,152.0,0.3275862068965517,155.0,0.33405172413793105
92.4,9256.0,9256.0,40.419213973799124,233,3,0.0,0.0,0.0,0.0,159.0,0.34415584415584416,153.0,0.33116883116883117,150.0,0.3246753246753247
92.4,9256.0,9256.0,40.419213973799124,233,3,0.0,0.0,0.0,0.0,173.0,0.37445887445887444,153.0,0.33116883116883117,136.0,0.2943722943722944
92.6,9257.0,9257.0,40.24782608695652,233,3,0.0,0.0,0.0,0.0,167.0,0.36069114470842334,155.0,0.3347732181425486,141.0,0.3045356371490281
92.8,9435.0,9435.0,40.84415584415584,233,3,0.0,0.0,0.0,0.0,168.0,0.3620689655172414,151.0,0.3254310344827586,145.0,0.3125
93.2,9732.0,9732.0,41.76824034334764,233,3,0.0,0.0,0.0,0.0,172.0,0.36909871244635195,144.0,0.3090128755364807,150.0,0.3218884120171674
93.2,9850.0,9850.0,42.27467811158798,233,3,0.0,0.0,0.0,0.0,162.0,0.34763948497854075,140.0,0.30042918454935624,164.0,0.351931330472103
93.0,9436.0,9436.0,40.672413793103445,233,3,0.0,0.0,0.0,0.0,160.0,0.34408602150537637,153.0,0.32903225806451614,152.0,0.32688172043010755
92.8,9317.0,9317.0,40.333333333333336,233,3,0.0,0.0,0.0,0.0,160.0,0.3448275862068966,155.0,0.33405172413793105,149.0,0.32112068965517243
92.8,9494.0,9494.0,41.099567099567096,233,3,0.0,0.0,0.0,0.0,152.0,0.3275862068965517,149.0,0.32112068965517243,163.0,0.35129310344827586
92.8,9139.0,9139.0,39.56277056277056,233,3,0.0,0.0,0.0,0.0,146.0,0.3146551724137931,159.0,0.3426724137931034,159.0,0.3426724137931034
93.0,9258.0,9258.0,39.9051724137931,233,3,0.0,0.0,0.0,0.0,150.0,0.3225806451612903,156.0,0.33548387096774196,159.0,0.3419354838709677
93.0,9317.0,9317.0,40.15948275862069,233,3,0.0,0.0,0.0,0.0,162.0,0.34838709677419355,155.0,0.3333333333333333,148.0,0.31827956989247314
93.0,8904.0,8904.0,38.37931034482759,233,3,0.0,0.0,0.0,0.0,176.0,0.37849462365591396,169.0,0.3634408602150538,120.0,0.25806451612903225
92.8,9258.0,9258.0,40.077922077922075,233,3,0.0,0.0,0.0,0.0,180.0,0.3879310344827586,157.0,0.33836206896551724,127.0,0.27370689655172414
92.4,9138.0,9138.0,39.903930131004365,233,3,0.0,0.0,0.0,0.0,179.0,0.3874458874458874,157.0,0.3398268398268398,126.0,0.2727272727272727
92.6,9139.0,9139.0,39.73478260869565,233,3,0.0,0.0,0.0,0.0,179.0,0.38660907127429806,158.0,0.3412526997840173,126.0,0.27213822894168466
92.6,9493.0,9493.0,41.27391304347826,233,3,0.0,0.0,0.0,0.0,173.0,0.37365010799136067,146.0,0.31533477321814257,144.0,0.31101511879049676
92.8,8668.0,8668.0,37.523809523809526,233,3,0.0,0.0,0.0,0.0,159.0,0.3426724137931034,176.0,0.3793103448275862,129.0,0.27801724137931033
93.2,8729.0,8729.0,37.46351931330472,233,3,0.0,0.0,0.0,0.0,146.0,0.3133047210300429,178.0,0.38197424892703863,142.0,0.30472103004291845
93.2,8906.0,8906.0,38.223175965665234,233,3,0.0,0.0,0.0,0.0,146.0,0.3133047210300429,172.0,0.36909871244635195,148.0,0.31759656652360513
93.0,8905.0,8905.0,38.383620689655174,233,3,0.0,0.0,0.0,0.0,140.0,0.3010752688172043,170.0,0.3655913978494624,155.0,0.3333333333333333
93.0,9554.0,9554.0,41.18103448275862,233,3,0.0,0.0,0.0,0.0,156.0,0.33548387096774196,149.0,0.3204301075268817,160.0,0.34408602150537637
92.8,9553.0,9553.0,41.35497835497836,233,3,0.0,0.0,0.0,0.0,155.0,0.33405172413793105,147.0,0.3168103448275862,162.0,0.34913793103448276
92.6,9022.0,9022.0,39.056277056277054,232,3,0.0,0.0,0.0,0.0,149.0,0.32181425485961124,164.0,0.3542116630669546,150.0,0.32397408207343414
92.6,8845.0,8845.0,38.29004329004329,232,3,0.0,0.0,0.0,0.0,145.0,0.31317494600431967,170.0,0.367170626349892,148.0,0.31965442764578833
92.8,8846.0,8846.0,38.12931034482759,232,3,0.0,0.0,0.0,0.0,143.0,0.3081896551724138,171.0,0.36853448275862066,150.0,0.3232758620689655
93.0,9260.0,9260.0,39.742489270386265,232,3,0.0,0.0,0.0,0.0,152.0,0.32688172043010755,160.0,0.34408602150537637,153.0,0.32903225806451614
93.0,9437.0,9437.0,40.502145922746784,232,3,0.0,0.0,0.0,0.0,144.0,0.3096774193548387,153.0,0.32903225806451614,168.0,0.36129032258064514
93.2,9673.0,9673.0,41.51502145922747,233,3,0.0,0.0,0.0,0.0,142.0,0.30472103004291845,146.0,0.3133047210300429,178.0,0.38197424892703863
93.2,9496.0,9496.0,40.75536480686695,233,3,0.0,0.0,0.0,0.0,130.0,0.27896995708154504,152.0,0.3261802575107296,184.0,0.3948497854077253
93.2,9201.0,9201.0,39.48927038626609,233,3,0.0,0.0,0.0,0.0,124.0,0.26609442060085836,162.0,0.34763948497854075,180.0,0.38626609442060084
92.8,9140.0,9140.0,39.56709956709957,233,3,0.0,0.0,0.0,0.0,132.0,0.28448275862068967,160.0,0.3448275862068966,172.0,0.3706896551724138
92.6,9139.0,9139.0,39.73478260869565,233,3,0.0,0.0,0.0,0.0,142.0,0.30669546436285094,158.0,0.3412526997840173,163.0,0.35205183585313177
92.6,9375.0,9375.0,40.76086956521739,233,3,0.0,0.0,0.0,0.0,146.0,0.31533477321814257,150.0,0.32397408207343414,167.0,0.36069114470842334
92.6,10083.0,10083.0,43.83913043478261,233,3,0.0,0.0,0.0,0.0,162.0,0.34989200863930886,126.0,0.27213822894168466,175.0,0.3779697624190065
93.0,10321.0,10321.0,44.48706896551724,233,3,0.0,0.0,0.0,0.0,168.0,0.36129032258064514,122.0,0.2623655913978495,175.0,0.3763440860215054
93.2,10204.0,10204.0,43.79399141630901,233,3,0.0,0.0,0.0,0.0,164.0,0.351931330472103,128.0,0.27467811158798283,174.0,0.37339055793991416
93.2,9968.0,9968.0,42.78111587982833,233,3,0.0,0.0,0.0,0.0,168.0,0.3605150214592275,136.0,0.2918454935622318,162.0,0.34763948497854075
93.2,9555.0,9555.0,41.00858369098712,233,3,0.0,0.0,0.0,0.0,154.0,0.33047210300429186,150.0,0.3218884120171674,162.0,0.34763948497854075
93.2,9437.0,9437.0,40.502145922746784,233,3,0.0,0.0,0.0,0.0,166.0,0.3562231759656652,154.0,0.33047210300429186,146.0,0.3133047210300429
93.0,9259.0,9259.0,39.90948275862069,233,3,0.0,0.0,0.0,0.0,164.0,0.35268817204301073,159.0,0.3419354838709677,142.0,0.3053763440860215
93.0,9318.0,9318.0,40.16379310344828,233,3,0.0,0.0,0.0,0.0,168.0,0.36129032258064514,157.0,0.33763440860215055,140.0,0.3010752688172043
93.0,8964.0,8964.0,38.63793103448276,233,3,0.0,0.0,0.0,0.0,172.0,0.36989247311827955,169.0,0.3634408602150538,124.0,0.26666666666666666
93.0,9023.0,9023.0,38.89224137931034,233,3,0.0,0.0,0.0,0.0,160.0,0.34408602150537637,167.0,0.35913978494623655,138.0,0.2967741935483871
93.2,9142.0,9142.0,39.23605150214592,233,3,0.0,0.0,0.0,0.0,156.0,0.33476394849785407,164.0,0.351931330472103,146.0,0.3133047210300429
92.8,9199.0,9199.0,39.82251082251082,233,3,0.0,0.0,0.0,0.0,160.0,0.3448275862068966,159.0,0.3426724137931034,145.0,0.3125
92.8,9494.0,9494.0,41.099567099567096,233,3,0.0,0.0,0.0,0.0,150.0,0.3232758620689655,149.0,0.32112068965517243,165.0,0.35560344827586204
92.8,9317.0,9317.0,40.333333333333336,233,3,0.0,0.0,0.0,0.0,136.0,0.29310344827586204,155.0,0.33405172413793105,173.0,0.3728448275862069
92.8,9435.0,9435.0,40.84415584415584,233,3,0.0,0.0,0.0,0.0,142.0,0.30603448275862066,151.0,0.3254310344827586,171.0,0.36853448275862066
93.2,9201.0,9201.0,39.48927038626609,233,3,0.0,0.0,0.0,0.0,136.0,0.2918454935622318,162.0,0.34763948497854075,168.0,0.3605150214592275
93.0,9141.0,9141.0,39.400862068965516,233,3,0.0,0.0,0.0,0.0,142.0,0.3053763440860215,162.0,0.34838709677419355,161.0,0.34623655913978496
93.0,8846.0,8846.0,38.12931034482759,233,3,0.0,0.0,0.0,0.0,142.0,0.3053763440860215,173.0,0.3720430107526882,150.0,0.3225806451612903
92.8,8905.0,8905.0,38.383620689655174,232,3,0.0,0.0,0.0,0.0,142.0,0.30603448275862066,170.0,0.36637931034482757,152.0,0.3275862068965517
92.8,9082.0,9082.0,39.14655172413793,232,3,0.0,0.0,0.0,0.0,146.0,0.3146551724137931,164.0,0.35344827586206895,154.0,0.33189655172413796
92.8,9141.0,9141.0,39.400862068965516,232,3,0.0,0.0,0.0,0.0,144.0,0.3103448275862069,162.0,0.34913793103448276,158.0,0.34051724137931033
92.8,9436.0,9436.0,40.672413793103445,232,3,0.0,0.0,0.0,0.0,158.0,0.34051724137931033,152.0,0.3275862068965517,154.0,0.33189655172413796
92.8,9731.0,9731.0,41.94396551724138,232,3,0.0,0.0,0.0,0.0,160.0,0.3448275862068966,143.0,0.3081896551724138,161.0,0.34698275862068967
93.0,9554.0,9554.0,41.18103448275862,233,3,0.0,0.0,0.0,0.0,160.0,0.34408602150537637,149.0,0.3204301075268817,156.0,0.33548387096774196
93.0,9318.0,9318.0,40.16379310344828,233,3,0.0,0.0,0.0,0.0,164.0,0.35268817204301073,157.0,0.33763440860215055,144.0,0.3096774193548387
93.0,9436.0,9436.0,40.672413793103445,233,3,0.0,0.0,0.0,0.0,175.0,0.3763440860215054,152.0,0.32688172043010755,138.0,0.2967741935483871
92.8,9199.0,9199.0,39.82251082251082,233,3,0.0,0.0,0.0,0.0,173.0,0.3728448275862069,158.0,0.34051724137931033,133.0,0.28663793103448276
92.8,9258.0,9258.0,40.077922077922075,233,3,0.0,0.0,0.0,0.0,163.0,0.35129310344827586,156.0,0.33620689655172414,145.0,0.3125
92.8,9494.0,9494.0,41.099567099567096,233,3,0.0,0.0,0.0,0.0,155.0,0.33405172413793105,148.0,0.31896551724137934,161.0,0.34698275862068967
93.0,9318.0,9318.0,40.16379310344828,233,3,0.0,0.0,0.0,0.0,136.0,0.2924731182795699,156.0,0.33548387096774196,173.0,0.3720430107526882
93.2,9142.0,9142.0,39.23605150214592,233,3,0.0,0.0,0.0,0.0,142.0,0.30472103004291845,164.0,0.351931330472103,160.0,0.34334763948497854
93.2,9319.0,9319.0,39.99570815450644,233,3,0.0,0.0,0.0,0.0,148.0,0.31759656652360513,158.0,0.33905579399141633,160.0,0.34334763948497854
93.2,9201.0,9201.0,39.48927038626609,233,3,0.0,0.0,0.0,0.0,156.0,0.33476394849785407,162.0,0.34763948497854075,148.0,0.31759656652360513
93.2,9496.0,9496.0,40.75536480686695,233,3,0.0,0.0,0.0,0.0,172.0,0.36909871244635195,152.0,0.3261802575107296,142.0,0.30472103004291845
93.0,9318.0,9318.0,40.16379310344828,233,3,0.0,0.0,0.0,0.0,161.0,0.34623655913978496,156.0,0.33548387096774196,148.0,0.31827956989247314
92.6,9080.0,9080.0,39.47826086956522,233,3,0.0,0.0,0.0,0.0,157.0,0.3390928725701944,160.0,0.34557235421166305,146.0,0.31533477321814257
92.6,8962.0,8962.0,38.96521739130435,233,3,0.0,0.0,0.0,0.0,159.0,0.3434125269978402,164.0,0.3542116630669546,140.0,0.3023758099352052
92.6,8549.0,8549.0,37.1695652173913,233,3,0.0,0.0,0.0,0.0,149.0,0.32181425485961124,178.0,0.38444924406047515,136.0,0.2937365010799136
92.8,8727.0,8727.0,37.77922077922078,233,3,0.0,0.0,0.0,0.0,144.0,0.3103448275862069,174.0,0.375,146.0,0.3146551724137931
93.2,8847.0,8847.0,37.96995708154506,233,3,0.0,0.0,0.0,0.0,144.0,0.3090128755364807,174.0,0.37339055793991416,148.0,0.31759656652360513
93.2,8611.0,8611.0,36.957081545064376,233,3,0.0,0.0,0.0,0.0,140.0,0.30042918454935624,182.0,0.3905579399141631,144.0,0.3090128755364807
93.2,8375.0,8375.0,35.94420600858369,233,3,0.0,0.0,0.0,0.0,138.0,0.296137339055794,190.0,0.40772532188841204,138.0,0.296137339055794
93.2,8552.0,8552.0,36.7038626609442,233,3,0.0,0.0,0.0,0.0,150.0,0.3218884120171674,184.0,0.3948497854077253,132.0,0.2832618025751073
93.0,8610.0,8610.0,37.11206896551724,233,3,0.0,0.0,0.0,0.0,148.0,0.31827956989247314,181.0,0.38924731182795697,136.0,0.2924731182795699
92.8,8963.0,8963.0,38.8008658008658,233,3,0.0,0.0,0.0,0.0,142.0,0.30603448275862066,167.0,0.3599137931034483,155.0,0.33405172413793105
92.6,9021.0,9021.0,39.221739130434784,233,3,0.0,0.0,0.0,0.0,136.0,0.2937365010799136,164.0,0.3542116630669546,163.0,0.35205183585313177
92.6,8608.0,8608.0,37.426086956521736,233,3,0.0,0.0,0.0,0.0,122.0,0.2634989200863931,178.0,0.38444924406047515,163.0,0.35205183585313177
92.6,8667.0,8667.0,37.68260869565217,233,3,0.0,0.0,0.0,0.0,137.0,0.2958963282937365,175.0,0.3779697624190065,151.0,0.326133909287257
92.8,8845.0,8845.0,38.29004329004329,233,3,0.0,0.0,0.0,0.0,149.0,0.32112068965517243,171.0,0.36853448275862066,144.0,0.3103448275862069
92.8,9199.0,9199.0,39.82251082251082,233,3,0.0,0.0,0.0,0.0,159.0,0.3426724137931034,158.0,0.34051724137931033,147.0,0.3168103448275862
92.8,9671.0,9671.0,41.865800865800864,233,3,0.0,0.0,0.0,0.0,167.0,0.3599137931034483,142.0,0.30603448275862066,155.0,0.33405172413793105
93.0,9849.0,9849.0,42.452586206896555,233,3,0.0,0.0,0.0,0.0,166.0,0.35698924731182796,138.0,0.2967741935483871,161.0,0.34623655913978496
93.0,9790.0,9790.0,42.19827586206897,233,3,0.0,0.0,0.0,0.0,174.0,0.3741935483870968,140.0,0.3010752688172043,151.0,0.3247311827956989
93.0,9377.0,9377.0,40.418103448275865,233,3,0.0,0.0,0.0,0.0,158.0,0.33978494623655914,154.0,0.3311827956989247,153.0,0.32903225806451614
93.2,9260.0,9260.0,39.742489270386265,233,3,0.0,0.0,0.0,0.0,160.0,0.34334763948497854,160.0,0.34334763948497854,146.0,0.3133047210300429
93.2,9378.0,9378.0,40.24892703862661,233,3,0.0,0.0,0.0,0.0,154.0,0.33047210300429186,156.0,0.33476394849785407,156.0,0.33476394849785407
93.0,9082.0,9082.0,39.14655172413793,233,3,0.0,0.0,0.0,0.0,140.0,0.3010752688172043,164.0,0.35268817204301073,161.0,0.34623655913978496
93.0,9436.0,9436.0,40.672413793103445,233,3,0.0,0.0,0.0,0.0,146.0,0.3139784946236559,152.0,0.32688172043010755,167.0,0.35913978494623655
93.0,9613.0,9613.0,41.435344827586206,233,3,0.0,0.0,0.0,0.0,152.0,0.32688172043010755,146.0,0.3139784946236559,167.0,0.35913978494623655
93.0,9436.0,9436.0,40.672413793103445,233,3,0.0,0.0,0.0,0.0,140.0,0.3010752688172043,152.0,0.32688172043010755,173.0,0.3720430107526882
93.2,9496.0,9496.0,40.75536480686695,233,3,0.0,0.0,0.0,0.0,154.0,0.33047210300429186,152.0,0.3261802575107296,160.0,0.34334763948497854
93.0,9259.0,9259.0,39.90948275862069,233,3,0.0,0.0,0.0,0.0,160.0,0.34408602150537637,158.0,0.33978494623655914,147.0,0.3161290322580645
93.0,9023.0,9023.0,38.89224137931034,233,3,0.0,0.0,0.0,0.0,140.0,0.3010752688172043,167.0,0.35913978494623655,158.0,0.33978494623655914
92.8,9140.0,9140.0,39.56709956709957,233,3,0.0,0.0,0.0,0.0,151.0,0.3254310344827586,161.0,0.34698275862068967,152.0,0.3275862068965517
92.8,9081.0,9081.0,39.311688311688314,233,3,0.0,0.0,0.0,0.0,123.0,0.2650862068965517,163.0,0.35129310344827586,178.0,0.38362068965517243
92.8,9081.0,9081.0,39.311688311688314,233,3,0.0,0.0,0.0,0.0,127.0,0.27370689655172414,163.0,0.35129310344827586,174.0,0.375
92.8,9081.0,9081.0,39.311688311688314,233,3,0.0,0.0,0.0,0.0,132.0,0.28448275862068967,162.0,0.34913793103448276,170.0,0.36637931034482757
93.0,9259.0,9259.0,39.90948275862069,233,3,0.0,0.0,0.0,0.0,141.0,0.3032258064516129,158.0,0.33978494623655914,166.0,0.35698924731182796
93.0,9849.0,9849.0,42.452586206896555,233,3,0.0,0.0,0.0,0.0,161.0,0.34623655913978496,138.0,0.2967741935483871,166.0,0.35698924731182796
92.8,9612.0,9612.0,41.61038961038961,233,3,0.0,0.0,0.0,0.0,153.0,0.3297413793103448,144.0,0.3103448275862069,167.0,0.3599137931034483
92.8,9612.0,9612.0,41.61038961038961,233,3,0.0,0.0,0.0,0.0,156.0,0.33620689655172414,145.0,0.3125,163.0,0.35129310344827586
92.8,9494.0,9494.0,41.099567099567096,233,3,0.0,0.0,0.0,0.0,144.0,0.3103448275862069,149.0,0.32112068965517243,171.0,0.36853448275862066
92.6,9257.0,9257.0,40.24782608695652,233,3,0.0,0.0,0.0,0.0,146.0,0.31533477321814257,155.0,0.3347732181425486,162.0,0.34989200863930886
93.0,9554.0,9554.0,41.18103448275862,233,3,0.0,0.0,0.0,0.0,154.0,0.3311827956989247,149.0,0.3204301075268817,162.0,0.34838709677419355
93.0,9908.0,9908.0,42.706896551724135,233,3,0.0,0.0,0.0,0.0,156.0,0.33548387096774196,136.0,0.2924731182795699,173.0,0.3720430107526882
93.0,9672.0,9672.0,41.689655172413794,233,3,0.0,0.0,0.0,0.0,152.0,0.32688172043010755,144.0,0.3096774193548387,169.0,0.3634408602150538
93.0,9731.0,9731.0,41.94396551724138,233,3,0.0,0.0,0.0,0.0,144.0,0.3096774193548387,142.0,0.3053763440860215,179.0,0.3849462365591398
92.8,9435.0,9435.0,40.84415584415584,233,3,0.0,0.0,0.0,0.0,132.0,0.28448275862068967,150.0,0.3232758620689655,182.0,0.3922413793103448
92.8,8845.0,8845.0,38.29004329004329,233,3,0.0,0.0,0.0,0.0,124.0,0.2672413793103448,170.0,0.36637931034482757,170.0,0.36637931034482757
93.0,8964.0,8964.0,38.63793103448276,233,3,0.0,0.0,0.0,0.0,129.0,0.27741935483870966,168.0,0.36129032258064514,168.0,0.36129032258064514
92.6,9139.0,9139.0,39.73478260869565,233,3,0.0,0.0,0.0,0.0,139.0,0.3002159827213823,159.0,0.3434125269978402,165.0,0.3563714902807775
92.8,9258.0,9258.0,40.077922077922075,233,3,0.0,0.0,0.0,0.0,148.0,0.31896551724137934,157.0,0.33836206896551724,159.0,0.3426724137931034
92.8,9376.0,9376.0,40.58874458874459,233,3,0.0,0.0,0.0,0.0,155.0,0.33405172413793105,153.0,0.3297413793103448,156.0,0.33620689655172414
93.0,9436.0,9436.0,40.672413793103445,233,3,0.0,0.0,0.0,0.0,175.0,0.3763440860215054,153.0,0.32903225806451614,137.0,0.2946236559139785
93.0,9082.0,9082.0,39.14655172413793,233,3,0.0,0.0,0.0,0.0,173.0,0.3720430107526882,164.0,0.35268817204301073,128.0,0.2752688172043011
92.8,9140.0,9140.0,39.56709956709957,233,3,0.0,0.0,0.0,0.0,184.0,0.39655172413793105,162.0,0.34913793103448276,118.0,0.2543103448275862
92.6,9375.0,9375.0,40.76086956521739,233,3,0.0,0.0,0.0,0.0,191.0,0.41252699784017277,152.0,0.3282937365010799,120.0,0.2591792656587473
92.8,9376.0,9376.0,40.58874458874459,233,3,0.0,0.0,0.0,0.0,174.0,0.375,154.0,0.33189655172413796,136.0,0.29310344827586204
93.0,9082.0,9082.0,39.14655172413793,233,3,0.0,0.0,0.0,0.0,166.0,0.35698924731182796,165.0,0.3548387096774194,134.0,0.28817204301075267
93.2,9201.0,9201.0,39.48927038626609,233,3,0.0,0.0,0.0,0.0,160.0,0.34334763948497854,162.0,0.34763948497854075,144.0,0.3090128755364807
93.0,9318.0,9318.0,40.16379310344828,233,3,0.0,0.0,0.0,0.0,152.0,0.32688172043010755,156.0,0.33548387096774196,157.0,0.33763440860215055
93.0,9613.0,9613.0,41.435344827586206,233,3,0.0,0.0,0.0,0.0,156.0,0.33548387096774196,147.0,0.3161290322580645,162.0,0.34838709677419355
92.8,9612.0,9612.0,41.61038961038961,233,3,0.0,0.0,0.0,0.0,161.0,0.34698275862068967,145.0,0.3125,158.0,0.34051724137931033
92.8,9612.0,9612.0,41.61038961038961,233,3,0.0,0.0,0.0,0.0,165.0,0.35560344827586204,145.0,0.3125,154.0,0.33189655172413796
92.8,9258.0,9258.0,40.077922077922075,233,3,0.0,0.0,0.0,0.0,164.0,0.35344827586206895,158.0,0.34051724137931033,142.0,0.30603448275862066
93.0,8669.0,8669.0,37.366379310344826,233,3,0.0,0.0,0.0,0.0,156.0,0.33548387096774196,179.0,0.3849462365591398,130.0,0.27956989247311825
92.8,8609.0,8609.0,37.268398268398265,233,3,0.0,0.0,0.0,0.0,146.0,0.3146551724137931,178.0,0.38362068965517243,140.0,0.3017241379310345
92.6,8078.0,8078.0,34.96969696969697,232,3,0.0,0.0,0.0,0.0,134.0,0.2894168466522678,196.0,0.42332613390928725,133.0,0.28725701943844495
92.6,8609.0,8609.0,37.268398268398265,232,3,0.0,0.0,0.0,0.0,145.0,0.31317494600431967,178.0,0.38444924406047515,140.0,0.3023758099352052
92.6,8432.0,8432.0,36.502164502164504,232,3,0.0,0.0,0.0,0.0,140.0,0.3023758099352052,184.0,0.39740820734341253,139.0,0.3002159827213823
92.4,8726.0,8726.0,37.93913043478261,232,3,0.0,0.0,0.0,0.0,153.0,0.33116883116883117,171.0,0.37012987012987014,138.0,0.2987012987012987
92.4,9021.0,9021.0,39.221739130434784,232,3,0.0,0.0,0.0,0.0,156.0,0.33766233766233766,162.0,0.35064935064935066,144.0,0.3116883116883117
92.4,8725.0,8725.0,38.10043668122271,233,3,0.0,0.0,0.0,0.0,151.0,0.3268398268398268,171.0,0.37012987012987014,140.0,0.30303030303030304
92.4,9197.0,9197.0,40.161572052401745,233,3,0.0,0.0,0.0,0.0,159.0,0.34415584415584416,155.0,0.3354978354978355,148.0,0.3203463203463203
92.8,9317.0,9317.0,40.333333333333336,233,3,0.0,0.0,0.0,0.0,170.0,0.36637931034482757,155.0,0.33405172413793105,139.0,0.2995689655172414
92.8,9671.0,9671.0,41.865800865800864,233,3,0.0,0.0,0.0,0.0,180.0,0.3879310344827586,143.0,0.3081896551724138,141.0,0.30387931034482757
93.2,9555.0,9555.0,41.00858369098712,233,3,0.0,0.0,0.0,0.0,170.0,0.3648068669527897,150.0,0.3218884120171674,146.0,0.3133047210300429
93.0,9318.0,9318.0,40.16379310344828,233,3,0.0,0.0,0.0,0.0,169.0,0.3634408602150538,156.0,0.33548387096774196,140.0,0.3010752688172043
93.0,9023.0,9023.0,38.89224137931034,233,3,0.0,0.0,0.0,0.0,141.0,0.3032258064516129,166.0,0.35698924731182796,158.0,0.33978494623655914
92.8,9317.0,9317.0,40.333333333333336,233,3,0.0,0.0,0.0,0.0,137.0,0.2952586206896552,155.0,0.33405172413793105,172.0,0.3706896551724138
92.8,9258.0,9258.0,40.077922077922075,233,3,0.0,0.0,0.0,0.0,143.0,0.3081896551724138,157.0,0.33836206896551724,164.0,0.35344827586206895
93.0,9377.0,9377.0,40.418103448275865,233,3,0.0,0.0,0.0,0.0,148.0,0.31827956989247314,155.0,0.3333333333333333,162.0,0.34838709677419355
93.0,9377.0,9377.0,40.418103448275865,233,3,0.0,0.0,0.0,0.0,152.0,0.32688172043010755,155.0,0.3333333333333333,158.0,0.33978494623655914
93.2,9083.0,9083.0,38.98283261802575,233,3,0.0,0.0,0.0,0.0,154.0,0.33047210300429186,166.0,0.3562231759656652,146.0,0.3133047210300429
93.0,9377.0,9377.0,40.418103448275865,233,3,0.0,0.0,0.0,0.0,154.0,0.3311827956989247,154.0,0.3311827956989247,157.0,0.33763440860215055
93.0,9318.0,9318.0,40.16379310344828,233,3,0.0,0.0,0.0,0.0,144.0,0.3096774193548387,156.0,0.33548387096774196,165.0,0.3548387096774194
93.0,9436.0,9436.0,40.672413793103445,233,3,0.0,0.0,0.0,0.0,152.0,0.32688172043010755,152.0,0.32688172043010755,161.0,0.34623655913978496
93.0,9318.0,9318.0,40.16379310344828,233,3,0.0,0.0,0.0,0.0,158.0,0.33978494623655914,156.0,0.33548387096774196,151.0,0.3247311827956989
93.2,9555.0,9555.0,41.00858369098712,233,3,0.0,0.0,0.0,0.0,156.0,0.33476394849785407,150.0,0.3218884120171674,160.0,0.34334763948497854
93.0,9908.0,9908.0,42.706896551724135,233,3,0.0,0.0,0.0,0.0,176.0,0.37849462365591396,136.0,0.2924731182795699,153.0,0.32903225806451614
92.8,9671.0,9671.0,41.865800865800864,233,3,0.0,0.0,0.0,0.0,186.0,0.40086206896551724,143.0,0.3081896551724138,135.0,0.29094827586206895
92.8,9730.0,9730.0,42.121212121212125,233,3,0.0,0.0,0.0,0.0,178.0,0.38362068965517243,141.0,0.30387931034482757,145.0,0.3125
92.8,9612.0,9612.0,41.61038961038961,233,3,0.0,0.0,0.0,0.0,168.0,0.3620689655172414,145.0,0.3125,151.0,0.3254310344827586
93.0,9554.0,9554.0,41.18103448275862,233,3,0.0,0.0,0.0,0.0,156.0,0.33548387096774196,149.0,0.3204301075268817,160.0,0.34408602150537637
93.2,9673.0,9673.0,41.51502145922747,233,3,0.0,0.0,0.0,0.0,142.0,0.30472103004291845,146.0,0.3133047210300429,178.0,0.38197424892703863
93.2,9614.0,9614.0,41.261802575107296,233,3,0.0,0.0,0.0,0.0,142.0,0.30472103004291845,148.0,0.31759656652360513,176.0,0.3776824034334764
93.0,9613.0,9613.0,41.435344827586206,233,3,0.0,0.0,0.0,0.0,154.0,0.3311827956989247,147.0,0.3161290322580645,164.0,0.35268817204301073
92.8,9730.0,9730.0,42.121212121212125,233,3,0.0,0.0,0.0,0.0,160.0,0.3448275862068966,141.0,0.30387931034482757,163.0,0.35129310344827586
92.8,9789.0,9789.0,42.37662337662338,233,3,0.0,0.0,0.0,0.0,168.0,0.3620689655172414,139.0,0.2995689655172414,157.0,0.33836206896551724
92.8,9317.0,9317.0,40.333333333333336,233,3,0.0,0.0,0.0,0.0,156.0,0.33620689655172414,155.0,0.33405172413793105,153.0,0.3297413793103448
93.0,9318.0,9318.0,40.16379310344828,233,3,0.0,0.0,0.0,0.0,148.0,0.31827956989247314,156.0,0.33548387096774196,161.0,0.34623655913978496
93.2,8611.0,8611.0,36.957081545064376,233,3,0.0,0.0,0.0,0.0,128.0,0.27467811158798283,182.0,0.3905579399141631,156.0,0.33476394849785407
93.2,8375.0,8375.0,35.94420600858369,233,3,0.0,0.0,0.0,0.0,122.0,0.26180257510729615,190.0,0.40772532188841204,154.0,0.33047210300429186
93.2,8788.0,8788.0,37.716738197424895,233,3,0.0,0.0,0.0,0.0,126.0,0.2703862660944206,176.0,0.3776824034334764,164.0,0.351931330472103
93.2,9083.0,9083.0,38.98283261802575,233,3,0.0,0.0,0.0,0.0,136.0,0.2918454935622318,166.0,0.3562231759656652,164.0,0.351931330472103
93.2,9732.0,9732.0,41.76824034334764,233,3,0.0,0.0,0.0,0.0,150.0,0.3218884120171674,144.0,0.3090128755364807,172.0,0.36909871244635195
93.0,10085.0,10085.0,43.4698275862069,233,3,0.0,0.0,0.0,0.0,162.0,0.34838709677419355,130.0,0.27956989247311825,173.0,0.3720430107526882
92.4,9787.0,9787.0,42.737991266375545,233,3,0.0,0.0,0.0,0.0,165.0,0.35714285714285715,135.0,0.2922077922077922,162.0,0.35064935064935066
92.2,9078.0,9078.0,39.81578947368421,233,3,0.0,0.0,0.0,0.0,158.0,0.34273318872017355,157.0,0.3405639913232104,146.0,0.31670281995661603
92.0,8900.0,8900.0,39.20704845814978,233,3,0.0,0.0,0.0,0.0,154.0,0.3347826086956522,162.0,0.3521739130434783,144.0,0.3130434782608696
92.2,8901.0,8901.0,39.03947368421053,233,3,0.0,0.0,0.0,0.0,150.0,0.32537960954446854,164.0,0.3557483731019523,147.0,0.3188720173535792
92.8,8987.0,8987.0,38.904761904761905,233,3,0.0,0.0,0.0,0.0,155.0,0.33405172413793105,165.0,0.35560344827586204,144.0,0.3103448275862069
93.0,9460.0,9460.0,40.775862068965516,233,3,0.0,0.0,0.0,0.0,164.0,0.35268817204301073,151.0,0.3247311827956989,150.0,0.3225806451612903
93.2,9343.0,9343.0,40.09871244635193,233,3,0.0,0.0,0.0,0.0,160.0,0.34334763948497854,156.0,0.33476394849785407,150.0,0.3218884120171674
93.2,9461.0,9461.0,40.60515021459227,233,3,0.0,0.0,0.0,0.0,160.0,0.34334763948497854,152.0,0.3261802575107296,154.0,0.33047210300429186
93.2,9673.0,9673.0,41.51502145922747,233,3,0.0,0.0,0.0,0.0,164.0,0.351931330472103,146.0,0.3133047210300429,156.0,0.33476394849785407
93.0,9554.0,9554.0,41.18103448275862,233,3,0.0,0.0,0.0,0.0,164.0,0.35268817204301073,149.0,0.3204301075268817,152.0,0.32688172043010755
93.0,9731.0,9731.0,41.94396551724138,233,3,0.0,0.0,0.0,0.0,170.0,0.3655913978494624,143.0,0.30752688172043013,152.0,0.32688172043010755
93.0,9613.0,9613.0,41.435344827586206,233,3,0.0,0.0,0.0,0.0,162.0,0.34838709677419355,147.0,0.3161290322580645,156.0,0.33548387096774196
93.0,9377.0,9377.0,40.418103448275865,233,3,0.0,0.0,0.0,0.0,156.0,0.33548387096774196,155.0,0.3333333333333333,154.0,0.3311827956989247
93.0,9849.0,9849.0,42.452586206896555,233,3,0.0,0.0,0.0,0.0,162.0,0.34838709677419355,138.0,0.2967741935483871,165.0,0.3548387096774194
93.0,10026.0,10026.0,43.21551724137931,233,3,0.0,0.0,0.0,0.0,150.0,0.3225806451612903,132.0,0.2838709677419355,183.0,0.3935483870967742
93.0,10026.0,10026.0,43.21551724137931,233,3,0.0,0.0,0.0,0.0,150.0,0.3225806451612903,132.0,0.2838709677419355,183.0,0.3935483870967742
93.0,10439.0,10439.0,44.99568965517241,233,3,0.0,0.0,0.0,0.0,152.0,0.32688172043010755,118.0,0.2537634408602151,195.0,0.41935483870967744
93.2,9909.0,9909.0,42.527896995708154,233,3,0.0,0.0,0.0,0.0,138.0,0.296137339055794,138.0,0.296137339055794,190.0,0.40772532188841204
93.2,9791.0,9791.0,42.02145922746781,233,3,0.0,0.0,0.0,0.0,154.0,0.33047210300429186,142.0,0.30472103004291845,170.0,0.3648068669527897
93.2,9791.0,9791.0,42.02145922746781,233,3,0.0,0.0,0.0,0.0,164.0,0.351931330472103,142.0,0.30472103004291845,160.0,0.34334763948497854
93.2,9555.0,9555.0,41.00858369098712,233,3,0.0,0.0,0.0,0.0,168.0,0.3605150214592275,150.0,0.3218884120171674,148.0,0.31759656652360513
93.2,9437.0,9437.0,40.502145922746784,233,3,0.0,0.0,0.0,0.0,168.0,0.3605150214592275,154.0,0.33047210300429186,144.0,0.3090128755364807
93.0,9259.0,9259.0,39.90948275862069,233,3,0.0,0.0,0.0,0.0,167.0,0.35913978494623655,158.0,0.33978494623655914,140.0,0.3010752688172043
92.6,9139.0,9139.0,39.73478260869565,233,3,0.0,0.0,0.0,0.0,167.0,0.36069114470842334,158.0,0.3412526997840173,138.0,0.2980561555075594
92.6,8784.0,8784.0,38.19130434782609,233,3,0.0,0.0,0.0,0.0,161.0,0.34773218142548595,168.0,0.36285097192224625,134.0,0.2894168466522678
92.6,9079.0,9079.0,39.47391304347826,233,3,0.0,0.0,0.0,0.0,163.0,0.35205183585313177,158.0,0.3412526997840173,142.0,0.30669546436285094
92.8,9493.0,9493.0,41.095238095238095,233,3,0.0,0.0,0.0,0.0,170.0,0.36637931034482757,146.0,0.3146551724137931,148.0,0.31896551724137934
93.2,9554.0,9554.0,41.00429184549356,233,3,0.0,0.0,0.0,0.0,168.0,0.3605150214592275,148.0,0.31759656652360513,150.0,0.3218884120171674
93.2,9909.0,9909.0,42.527896995708154,233,3,0.0,0.0,0.0,0.0,174.0,0.37339055793991416,138.0,0.296137339055794,154.0,0.33047210300429186
93.2,9732.0,9732.0,41.76824034334764,233,3,0.0,0.0,0.0,0.0,176.0,0.3776824034334764,144.0,0.3090128755364807,146.0,0.3133047210300429
93.2,9614.0,9614.0,41.261802575107296,233,3,0.0,0.0,0.0,0.0,182.0,0.3905579399141631,148.0,0.31759656652360513,136.0,0.2918454935622318
92.8,9317.0,9317.0,40.333333333333336,233,3,0.0,0.0,0.0,0.0,171.0,0.36853448275862066,155.0,0.33405172413793105,138.0,0.2974137931034483
92.8,9553.0,9553.0,41.35497835497836,233,3,0.0,0.0,0.0,0.0,173.0,0.3728448275862069,147.0,0.3168103448275862,144.0,0.3103448275862069
92.8,9730.0,9730.0,42.121212121212125,233,3,0.0,0.0,0.0,0.0,169.0,0.3642241379310345,141.0,0.30387931034482757,154.0,0.33189655172413796
92.8,9671.0,9671.0,41.865800865800864,233,3,0.0,0.0,0.0,0.0,143.0,0.3081896551724138,143.0,0.3081896551724138,178.0,0.38362068965517243
93.0,10203.0,10203.0,43.97844827586207,233,3,0.0,0.0,0.0,0.0,165.0,0.3548387096774194,126.0,0.2709677419354839,174.0,0.3741935483870968
93.2,10085.0,10085.0,43.283261802575105,233,3,0.0,0.0,0.0,0.0,154.0,0.33047210300429186,130.0,0.27896995708154504,182.0,0.3905579399141631
93.2,10026.0,10026.0,43.03004291845494,233,3,0.0,0.0,0.0,0.0,148.0,0.31759656652360513,132.0,0.2832618025751073,186.0,0.39914163090128757
93.2,9965.0,9965.0,42.76824034334764,233,3,0.0,0.0,0.0,0.0,168.0,0.3605150214592275,130.0,0.27896995708154504,168.0,0.3605150214592275
93.0,9492.0,9492.0,40.91379310344828,233,3,0.0,0.0,0.0,0.0,148.0,0.31827956989247314,144.0,0.3096774193548387,173.0,0.3720430107526882
92.8,9492.0,9492.0,41.09090909090909,233,3,0.0,0.0,0.0,0.0,160.0,0.3448275862068966,145.0,0.3125,159.0,0.3426724137931034
92.8,9492.0,9492.0,41.09090909090909,233,3,0.0,0.0,0.0,0.0,168.0,0.3620689655172414,145.0,0.3125,151.0,0.3254310344827586
92.8,9730.0,9730.0,42.121212121212125,233,3,0.0,0.0,0.0,0.0,170.0,0.36637931034482757,141.0,0.30387931034482757,153.0,0.3297413793103448
93.0,9849.0,9849.0,42.452586206896555,233,3,0.0,0.0,0.0,0.0,180.0,0.3870967741935484,139.0,0.2989247311827957,146.0,0.3139784946236559
93.2,9672.0,9672.0,41.51072961373391,233,3,0.0,0.0,0.0,0.0,164.0,0.351931330472103,144.0,0.3090128755364807,158.0,0.33905579399141633
93.2,9731.0,9731.0,41.76394849785408,233,3,0.0,0.0,0.0,0.0,156.0,0.33476394849785407,142.0,0.30472103004291845,168.0,0.3605150214592275
93.2,9259.0,9259.0,39.738197424892704,233,3,0.0,0.0,0.0,0.0,148.0,0.31759656652360513,158.0,0.33905579399141633,160.0,0.34334763948497854
92.8,9493.0,9493.0,41.095238095238095,233,3,0.0,0.0,0.0,0.0,156.0,0.33620689655172414,147.0,0.3168103448275862,161.0,0.34698275862068967