78.0,1655.0,1482.0,9.566473988439306,217,1,0.0,0.0,0.0,0.0,0.0,0.0,0.0,0.0,390.0,1.0
81.6,526.0,346.0,2.922222222222222,228,1,0.0,0.0,0.0,0.0,0.0,0.0,0.0,0.0,408.0,1.0
81.6,524.0,344.0,2.911111111111111,228,1,0.0,0.0,0.0,0.0,0.0,0.0,0.0,0.0,408.0,1.0
82.0,528.0,346.0,2.901098901098901,228,1,0.0,0.0,0.0,0.0,0.0,0.0,0.0,0.0,410.0,1.0
82.4,522.0,340.0,2.868131868131868,230,1,0.0,0.0,0.0,0.0,0.0,0.0,0.0,0.0,412.0,1.0
82.4,520.0,338.0,2.857142857142857,230,1,0.0,0.0,0.0,0.0,0.0,0.0,0.0,0.0,412.0,1.0
80.6,507.0,332.0,2.8971428571428572,228,1,0.0,0.0,0.0,0.0,0.0,0.0,0.0,0.0,403.0,1.0
82.4,519.0,338.0,2.867403314917127,231,1,0.0,0.0,0.0,0.0,0.0,0.0,0.0,0.0,412.0,1.0
81.8,509.0,330.0,2.8435754189944134,230,1,0.0,0.0,0.0,0.0,0.0,0.0,0.0,0.0,409.0,1.0
83.0,518.0,334.0,2.8152173913043477,231,1,0.0,0.0,0.0,0.0,0.0,0.0,0.0,0.0,415.0,1.0
83.8,530.0,342.0,2.8191489361702127,231,1,0.0,0.0,0.0,0.0,0.0,0.0,0.0,0.0,419.0,1.0
82.0,506.0,326.0,2.811111111111111,230,1,0.0,0.0,0.0,0.0,0.0,0.0,0.0,0.0,410.0,1.0
80.4,502.0,328.0,2.8850574712643677,228,1,0.0,0.0,0.0,0.0,0.0,0.0,0.0,0.0,402.0,1.0
79.4,483.0,316.0,2.8922155688622753,230,1,0.0,0.0,0.0,0.0,0.0,0.0,0.0,0.0,397.0,1.0
79.0,475.0,310.0,2.878787878787879,230,1,0.0,0.0,0.0,0.0,0.0,0.0,0.0,0.0,395.0,1.0
80.2,493.0,322.0,2.8830409356725144,230,1,0.0,0.0,0.0,0.0,0.0,0.0,0.0,0.0,401.0,1.0
80.0,482.0,314.0,2.869047619047619,232,1,0.0,0.0,0.0,0.0,0.0,0.0,0.0,0.0,400.0,1.0
80.0,490.0,320.0,2.8823529411764706,230,1,0.0,0.0,0.0,0.0,0.0,0.0,0.0,0.0,400.0,1.0
80.4,485.0,314.0,2.8362573099415203,231,1,0.0,0.0,0.0,0.0,0.0,0.0,0.0,0.0,402.0,1.0
81.8,498.0,322.0,2.8295454545454546,233,1,0.0,0.0,0.0,0.0,0.0,0.0,0.0,0.0,409.0,1.0
81.0,490.0,316.0,2.8160919540229883,231,1,0.0,0.0,0.0,0.0,0.0,0.0,0.0,0.0,405.0,1.0
80.6,495.0,320.0,2.8285714285714287,228,1,0.0,0.0,0.0,0.0,0.0,0.0,0.0,0.0,403.0,1.0
82.8,509.0,328.0,2.8121546961325965,233,1,0.0,0.0,0.0,0.0,0.0,0.0,0.0,0.0,414.0,1.0
80.6,474.0,304.0,2.788235294117647,233,1,0.0,0.0,0.0,0.0,0.0,0.0,0.0,0.0,403.0,1.0
81.8,489.0,314.0,2.7942857142857145,234,1,0.0,0.0,0.0,0.0,0.0,0.0,0.0,0.0,409.0,1.0
82.0,483.0,310.0,2.791907514450867,237,1,0.0,0.0,0.0,0.0,0.0,0.0,0.0,0.0,410.0,1.0
79.4,469.0,304.0,2.8424242424242423,232,1,0.0,0.0,0.0,0.0,0.0,0.0,0.0,0.0,397.0,1.0
81.0,498.0,324.0,2.8620689655172415,231,1,0.0,0.0,0.0,0.0,0.0,0.0,0.0,0.0,405.0,1.0
95.0,3843.0,3645.0,19.40909090909091,277,1,0.0,0.0,0.0,0.0,0.0,0.0,0.0,0.0,475.0,1.0
94.2,3836.0,3641.0,19.671794871794873,276,1,0.0,0.0,0.0,0.0,0.0,0.0,0.0,0.0,471.0,1.0
94.0,3825.0,3633.0,19.921875,278,1,0.0,0.0,0.0,0.0,0.0,0.0,0.0,0.0,470.0,1.0
94.8,3820.0,3627.0,19.792746113989637,281,1,0.0,0.0,0.0,0.0,0.0,0.0,0.0,0.0,474.0,1.0
79.6,469.0,304.0,2.8424242424242423,233,1,0.0,0.0,0.0,0.0,0.0,0.0,0.0,0.0,398.0,1.0
80.0,478.0,310.0,2.8452380952380953,232,1,0.0,0.0,0.0,0.0,0.0,0.0,0.0,0.0,400.0,1.0
80.8,495.0,322.0,2.861271676300578,231,1,0.0,0.0,0.0,0.0,0.0,0.0,0.0,0.0,404.0,1.0
78.8,485.0,318.0,2.904191616766467,227,1,0.0,0.0,0.0,0.0,0.0,0.0,0.0,0.0,394.0,1.0
78.0,468.0,306.0,2.888888888888889,228,1,0.0,0.0,0.0,0.0,0.0,0.0,0.0,0.0,390.0,1.0
78.0,472.0,310.0,2.9135802469135803,228,1,0.0,0.0,0.0,0.0,0.0,0.0,0.0,0.0,390.0,1.0
77.0,455.0,298.0,2.8980891719745223,228,1,0.0,0.0,0.0,0.0,0.0,0.0,0.0,0.0,385.0,1.0
79.4,469.0,304.0,2.8424242424242423,232,1,0.0,0.0,0.0,0.0,0.0,0.0,0.0,0.0,397.0,1.0
82.2,491.0,316.0,2.8057142857142856,236,1,0.0,0.0,0.0,0.0,0.0,0.0,0.0,0.0,411.0,1.0
82.4,487.0,312.0,2.782857142857143,237,1,0.0,0.0,0.0,0.0,0.0,0.0,0.0,0.0,412.0,1.0
84.6,519.0,332.0,2.7754010695187166,236,1,0.0,0.0,0.0,0.0,0.0,0.0,0.0,0.0,423.0,1.0
82.4,502.0,324.0,2.8202247191011236,234,1,0.0,0.0,0.0,0.0,0.0,0.0,0.0,0.0,412.0,1.0
81.4,487.0,314.0,2.815028901734104,234,1,0.0,0.0,0.0,0.0,0.0,0.0,0.0,0.0,407.0,1.0
79.4,459.0,296.0,2.815950920245399,234,1,0.0,0.0,0.0,0.0,0.0,0.0,0.0,0.0,397.0,1.0
79.2,450.0,290.0,2.8125,236,1,0.0,0.0,0.0,0.0,0.0,0.0,0.0,0.0,396.0,1.0
80.0,475.0,308.0,2.844311377245509,233,1,0.0,0.0,0.0,0.0,0.0,0.0,0.0,0.0,400.0,1.0
78.6,474.0,310.0,2.8902439024390243,229,1,0.0,0.0,0.0,0.0,0.0,0.0,0.0,0.0,393.0,1.0
80.2,501.0,328.0,2.8959537572254335,228,1,0.0,0.0,0.0,0.0,0.0,0.0,0.0,0.0,401.0,1.0
79.8,496.0,324.0,2.883720930232558,227,1,0.0,0.0,0.0,0.0,0.0,0.0,0.0,0.0,399.0,1.0
78.6,478.0,312.0,2.8795180722891565,227,1,0.0,0.0,0.0,0.0,0.0,0.0,0.0,0.0,393.0,1.0
79.2,480.0,312.0,2.857142857142857,228,1,0.0,0.0,0.0,0.0,0.0,0.0,0.0,0.0,396.0,1.0
80.4,481.0,310.0,2.8128654970760234,231,1,0.0,0.0,0.0,0.0,0.0,0.0,0.0,0.0,402.0,1.0
77.6,456.0,296.0,2.85,228,1,0.0,0.0,0.0,0.0,0.0,0.0,0.0,0.0,388.0,1.0
78.8,455.0,292.0,2.791411042944785,231,1,0.0,0.0,0.0,0.0,0.0,0.0,0.0,0.0,394.0,1.0
78.8,450.0,288.0,2.7777777777777777,232,1,0.0,0.0,0.0,0.0,0.0,0.0,0.0,0.0,394.0,1.0
79.4,453.0,290.0,2.7791411042944785,234,1,0.0,0.0,0.0,0.0,0.0,0.0,0.0,0.0,397.0,1.0
81.6,476.0,304.0,2.7674418604651163,236,1,0.0,0.0,0.0,0.0,0.0,0.0,0.0,0.0,408.0,1.0
81.6,486.0,312.0,2.793103448275862,234,1,0.0,0.0,0.0,0.0,0.0,0.0,0.0,0.0,408.0,1.0
80.4,482.0,312.0,2.835294117647059,232,1,0.0,0.0,0.0,0.0,0.0,0.0,0.0,0.0,402.0,1.0
80.0,481.0,312.0,2.8461538461538463,231,1,0.0,0.0,0.0,0.0,0.0,0.0,0.0,0.0,400.0,1.0
79.0,468.0,304.0,2.8536585365853657,231,1,0.0,0.0,0.0,0.0,0.0,0.0,0.0,0.0,395.0,1.0
79.6,481.0,314.0,2.8802395209580838,231,1,0.0,0.0,0.0,0.0,0.0,0.0,0.0,0.0,398.0,1.0
80.0,478.0,310.0,2.8452380952380953,232,1,0.0,0.0,0.0,0.0,0.0,0.0,0.0,0.0,400.0,1.0
79.2,478.0,312.0,2.8795180722891565,230,1,0.0,0.0,0.0,0.0,0.0,0.0,0.0,0.0,396.0,1.0
78.6,474.0,310.0,2.8902439024390243,229,1,0.0,0.0,0.0,0.0,0.0,0.0,0.0,0.0,393.0,1.0
79.2,481.0,314.0,2.8802395209580838,229,1,0.0,0.0,0.0,0.0,0.0,0.0,0.0,0.0,396.0,1.0
79.0,485.0,318.0,2.904191616766467,228,1,0.0,0.0,0.0,0.0,0.0,0.0,0.0,0.0,395.0,1.0
78.0,479.0,314.0,2.903030303030303,225,1,0.0,0.0,0.0,0.0,0.0,0.0,0.0,0.0,390.0,1.0
78.2,487.0,320.0,2.9161676646706587,224,1,0.0,0.0,0.0,0.0,0.0,0.0,0.0,0.0,391.0,1.0
77.4,471.0,308.0,2.8895705521472395,224,1,0.0,0.0,0.0,0.0,0.0,0.0,0.0,0.0,387.0,1.0
77.4,470.0,308.0,2.9012345679012346,225,1,0.0,0.0,0.0,0.0,0.0,0.0,0.0,0.0,387.0,1.0
79.2,477.0,310.0,2.856287425149701,229,1,0.0,0.0,0.0,0.0,0.0,0.0,0.0,0.0,396.0,1.0
79.4,480.0,312.0,2.857142857142857,229,1,0.0,0.0,0.0,0.0,0.0,0.0,0.0,0.0,397.0,1.0
80.6,483.0,312.0,2.824561403508772,232,1,0.0,0.0,0.0,0.0,0.0,0.0,0.0,0.0,403.0,1.0
81.6,481.0,308.0,2.7803468208092488,235,1,0.0,0.0,0.0,0.0,0.0,0.0,0.0,0.0,408.0,1.0
82.2,496.0,320.0,2.8181818181818183,235,1,0.0,0.0,0.0,0.0,0.0,0.0,0.0,0.0,411.0,1.0
81.8,495.0,320.0,2.8285714285714287,234,1,0.0,0.0,0.0,0.0,0.0,0.0,0.0,0.0,409.0,1.0
80.4,501.0,328.0,2.8959537572254335,229,1,0.0,0.0,0.0,0.0,0.0,0.0,0.0,0.0,402.0,1.0
80.0,509.0,336.0,2.9421965317919074,227,1,0.0,0.0,0.0,0.0,0.0,0.0,0.0,0.0,400.0,1.0
77.0,480.0,318.0,2.962962962962963,223,1,0.0,0.0,0.0,0.0,0.0,0.0,0.0,0.0,385.0,1.0
77.6,476.0,314.0,2.9382716049382718,226,1,0.0,0.0,0.0,0.0,0.0,0.0,0.0,0.0,388.0,1.0
76.6,441.0,288.0,2.8823529411764706,230,1,0.0,0.0,0.0,0.0,0.0,0.0,0.0,0.0,383.0,1.0
77.2,443.0,288.0,2.858064516129032,231,1,0.0,0.0,0.0,0.0,0.0,0.0,0.0,0.0,386.0,1.0
77.6,440.0,286.0,2.857142857142857,234,1,0.0,0.0,0.0,0.0,0.0,0.0,0.0,0.0,388.0,1.0
77.8,431.0,278.0,2.816993464052288,236,1,0.0,0.0,0.0,0.0,0.0,0.0,0.0,0.0,389.0,1.0
78.2,457.0,298.0,2.8742138364779874,232,1,0.0,0.0,0.0,0.0,0.0,0.0,0.0,0.0,391.0,1.0
77.6,441.0,286.0,2.8451612903225807,233,1,0.0,0.0,0.0,0.0,0.0,0.0,0.0,0.0,388.0,1.0
81.0,473.0,304.0,2.798816568047337,236,1,0.0,0.0,0.0,0.0,0.0,0.0,0.0,0.0,405.0,1.0
80.2,473.0,306.0,2.8323353293413174,234,1,0.0,0.0,0.0,0.0,0.0,0.0,0.0,0.0,401.0,1.0
80.2,465.0,300.0,2.8181818181818183,236,1,0.0,0.0,0.0,0.0,0.0,0.0,0.0,0.0,401.0,1.0
79.0,447.0,288.0,2.811320754716981,236,1,0.0,0.0,0.0,0.0,0.0,0.0,0.0,0.0,395.0,1.0
76.6,422.0,272.0,2.8133333333333335,233,1,0.0,0.0,0.0,0.0,0.0,0.0,0.0,0.0,383.0,1.0
78.2,442.0,284.0,2.7974683544303796,233,1,0.0,0.0,0.0,0.0,0.0,0.0,0.0,0.0,391.0,1.0
79.2,450.0,288.0,2.7777777777777777,234,1,0.0,0.0,0.0,0.0,0.0,0.0,0.0,0.0,396.0,1.0
79.2,464.0,300.0,2.8292682926829267,232,1,0.0,0.0,0.0,0.0,0.0,0.0,0.0,0.0,396.0,1.0
79.4,477.0,310.0,2.856287425149701,230,1,0.0,0.0,0.0,0.0,0.0,0.0,0.0,0.0,397.0,1.0
77.0,453.0,296.0,2.8853503184713376,228,1,0.0,0.0,0.0,0.0,0.0,0.0,0.0,0.0,385.0,1.0
75.0,434.0,284.0,2.8933333333333335,225,1,0.0,0.0,0.0,0.0,0.0,0.0,0.0,0.0,375.0,1.0
77.0,460.0,300.0,2.875,225,1,0.0,0.0,0.0,0.0,0.0,0.0,0.0,0.0,385.0,1.0
76.6,456.0,298.0,2.8860759493670884,225,1,0.0,0.0,0.0,0.0,0.0,0.0,0.0,0.0,383.0,1.0
78.0,466.0,302.0,2.841463414634146,226,1,0.0,0.0,0.0,0.0,0.0,0.0,0.0,0.0,390.0,1.0
77.4,463.0,302.0,2.875776397515528,226,1,0.0,0.0,0.0,0.0,0.0,0.0,0.0,0.0,387.0,1.0
77.6,453.0,294.0,2.849056603773585,229,1,0.0,0.0,0.0,0.0,0.0,0.0,0.0,0.0,388.0,1.0
76.2,433.0,282.0,2.8675496688741724,230,1,0.0,0.0,0.0,0.0,0.0,0.0,0.0,0.0,381.0,1.0
76.0,434.0,284.0,2.8933333333333335,230,1,0.0,0.0,0.0,0.0,0.0,0.0,0.0,0.0,380.0,1.0
78.0,452.0,294.0,2.8607594936708862,232,1,0.0,0.0,0.0,0.0,0.0,0.0,0.0,0.0,390.0,1.0
76.8,426.0,276.0,2.84,234,1,0.0,0.0,0.0,0.0,0.0,0.0,0.0,0.0,384.0,1.0
77.8,435.0,280.0,2.806451612903226,234,1,0.0,0.0,0.0,0.0,0.0,0.0,0.0,0.0,389.0,1.0
79.4,440.0,280.0,2.75,237,1,0.0,0.0,0.0,0.0,0.0,0.0,0.0,0.0,397.0,1.0
78.8,428.0,272.0,2.7435897435897436,238,1,0.0,0.0,0.0,0.0,0.0,0.0,0.0,0.0,394.0,1.0
79.0,446.0,286.0,2.7875,235,1,0.0,0.0,0.0,0.0,0.0,0.0,0.0,0.0,395.0,1.0
79.2,441.0,282.0,2.7735849056603774,237,1,0.0,0.0,0.0,0.0,0.0,0.0,0.0,0.0,396.0,1.0
77.6,438.0,284.0,2.844155844155844,234,1,0.0,0.0,0.0,0.0,0.0,0.0,0.0,0.0,388.0,1.0
75.8,416.0,270.0,2.8493150684931505,233,1,0.0,0.0,0.0,0.0,0.0,0.0,0.0,0.0,379.0,1.0
75.2,405.0,262.0,2.832167832167832,233,1,0.0,0.0,0.0,0.0,0.0,0.0,0.0,0.0,376.0,1.0
