245.2,1298.0,1298.0,2.1925675675675675,585,1,0.0,0.0,0.0,0.0,0.0,0.0,1226.0,1.0,0.0,0.0
232.2,1190.0,1190.0,2.1364452423698386,550,1,0.0,0.0,0.0,0.0,0.0,0.0,1161.0,1.0,0.0,0.0
212.0,1017.0,1017.0,2.0059171597633134,487,1,0.0,0.0,0.0,0.0,0.0,0.0,1060.0,1.0,0.0,0.0
159.6,771.0,771.0,2.018324607329843,366,1,0.0,0.0,0.0,0.0,0.0,0.0,798.0,1.0,0.0,0.0
97.4,426.0,426.0,1.844155844155844,216,1,0.0,0.0,0.0,0.0,0.0,0.0,487.0,1.0,0.0,0.0
45.0,180.0,180.0,1.6666666666666667,94,1,0.0,0.0,0.0,0.0,0.0,0.0,225.0,1.0,0.0,0.0
34.6,205.0,205.0,2.4404761904761907,81,1,0.0,0.0,0.0,0.0,0.0,0.0,173.0,1.0,0.0,0.0
94.2,477.0,477.0,2.0921052631578947,217,1,0.0,0.0,0.0,0.0,0.0,0.0,471.0,1.0,0.0,0.0
149.4,725.0,725.0,2.0365168539325844,343,1,0.0,0.0,0.0,0.0,0.0,0.0,747.0,1.0,0.0,0.0
207.8,999.0,999.0,2.018181818181818,478,1,0.0,0.0,0.0,0.0,0.0,0.0,1039.0,1.0,0.0,0.0
227.6,1046.0,1046.0,1.9478584729981379,524,1,0.0,0.0,0.0,0.0,0.0,0.0,1138.0,1.0,0.0,0.0
229.8,1062.0,1062.0,1.9666666666666666,531,1,0.0,0.0,0.0,0.0,0.0,0.0,1149.0,1.0,0.0,0.0
225.8,1050.0,1050.0,1.9553072625698324,526,1,0.0,0.0,0.0,0.0,0.0,0.0,1129.0,1.0,0.0,0.0
222.4,1036.0,1036.0,1.9584120982986768,517,1,0.0,0.0,0.0,0.0,0.0,0.0,1112.0,1.0,0.0,0.0
228.8,1056.0,1056.0,1.92,526,1,0.0,0.0,0.0,0.0,0.0,0.0,1144.0,1.0,0.0,0.0
215.2,998.0,998.0,1.9155470249520155,497,1,0.0,0.0,0.0,0.0,0.0,0.0,1076.0,1.0,0.0,0.0
224.6,1030.0,1030.0,1.9038817005545285,517,1,0.0,0.0,0.0,0.0,0.0,0.0,1123.0,1.0,0.0,0.0
222.4,1028.0,1028.0,1.9072356215213357,514,1,0.0,0.0,0.0,0.0,0.0,0.0,1112.0,1.0,0.0,0.0
211.4,992.0,992.0,1.9412915851272015,496,1,0.0,0.0,0.0,0.0,0.0,0.0,1057.0,1.0,0.0,0.0
219.2,1020.0,1020.0,1.9281663516068053,511,1,0.0,0.0,0.0,0.0,0.0,0.0,1096.0,1.0,0.0,0.0
208.8,980.0,980.0,1.9560878243512974,490,1,0.0,0.0,0.0,0.0,0.0,0.0,1044.0,1.0,0.0,0.0
210.2,980.0,980.0,1.952191235059761,490,1,0.0,0.0,0.0,0.0,0.0,0.0,1051.0,1.0,0.0,0.0
211.0,976.0,976.0,1.9326732673267326,489,1,0.0,0.0,0.0,0.0,0.0,0.0,1055.0,1.0,0.0,0.0
208.6,970.0,970.0,1.9438877755511021,485,1,0.0,0.0,0.0,0.0,0.0,0.0,1043.0,1.0,0.0,0.0
212.8,990.0,990.0,1.9373776908023483,494,1,0.0,0.0,0.0,0.0,0.0,0.0,1064.0,1.0,0.0,0.0
210.8,986.0,986.0,1.9333333333333333,493,1,0.0,0.0,0.0,0.0,0.0,0.0,1054.0,1.0,0.0,0.0
205.2,942.0,942.0,1.9382716049382716,474,1,0.0,0.0,0.0,0.0,0.0,0.0,1026.0,1.0,0.0,0.0
199.8,922.0,922.0,1.9451476793248945,463,1,0.0,0.0,0.0,0.0,0.0,0.0,999.0,1.0,0.0,0.0
203.0,940.0,940.0,1.9461697722567288,469,1,0.0,0.0,0.0,0.0,0.0,0.0,1015.0,1.0,0.0,0.0
202.2,928.0,928.0,1.9454926624737945,464,1,0.0,0.0,0.0,0.0,0.0,0.0,1011.0,1.0,0.0,0.0
216.8,1020.0,1020.0,1.9502868068833652,509,1,0.0,0.0,0.0,0.0,0.0,0.0,1084.0,1.0,0.0,0.0
212.8,1000.0,1000.0,1.9455252918287937,501,1,0.0,0.0,0.0,0.0,0.0,0.0,1064.0,1.0,0.0,0.0
209.2,996.0,996.0,1.956777996070727,495,1,0.0,0.0,0.0,0.0,0.0,0.0,1046.0,1.0,0.0,0.0
202.6,966.0,966.0,1.9594320486815415,483,1,0.0,0.0,0.0,0.0,0.0,0.0,1013.0,1.0,0.0,0.0
191.0,916.0,916.0,1.9698924731182796,457,1,0.0,0.0,0.0,0.0,0.0,0.0,955.0,1.0,0.0,0.0
199.0,950.0,950.0,1.9709543568464731,475,1,0.0,0.0,0.0,0.0,0.0,0.0,995.0,1.0,0.0,0.0
204.0,968.0,968.0,1.967479674796748,483,1,0.0,0.0,0.0,0.0,0.0,0.0,1020.0,1.0,0.0,0.0
202.6,960.0,960.0,1.9631901840490797,480,1,0.0,0.0,0.0,0.0,0.0,0.0,1013.0,1.0,0.0,0.0
208.6,976.0,976.0,1.9365079365079365,488,1,0.0,0.0,0.0,0.0,0.0,0.0,1043.0,1.0,0.0,0.0
206.6,964.0,964.0,1.9318637274549098,482,1,0.0,0.0,0.0,0.0,0.0,0.0,1033.0,1.0,0.0,0.0
198.0,930.0,930.0,1.9375,465,1,0.0,0.0,0.0,0.0,0.0,0.0,990.0,1.0,0.0,0.0
208.6,974.0,974.0,1.9287128712871286,487,1,0.0,0.0,0.0,0.0,0.0,0.0,1043.0,1.0,0.0,0.0
202.2,956.0,956.0,1.959016393442623,479,1,0.0,0.0,0.0,0.0,0.0,0.0,1011.0,1.0,0.0,0.0
217.6,1018.0,1018.0,1.950191570881226,509,1,0.0,0.0,0.0,0.0,0.0,0.0,1088.0,1.0,0.0,0.0
227.0,1044.0,1044.0,1.9191176470588236,522,1,0.0,0.0,0.0,0.0,0.0,0.0,1135.0,1.0,0.0,0.0
225.6,1028.0,1028.0,1.9179104477611941,514,1,0.0,0.0,0.0,0.0,0.0,0.0,1128.0,1.0,0.0,0.0
239.0,1072.0,1072.0,1.8973451327433628,538,1,0.0,0.0,0.0,0.0,0.0,0.0,1195.0,1.0,0.0,0.0
240.4,1080.0,1080.0,1.8914185639229422,540,1,0.0,0.0,0.0,0.0,0.0,0.0,1202.0,1.0,0.0,0.0
224.0,1022.0,1022.0,1.9174484052532832,512,1,0.0,0.0,0.0,0.0,0.0,0.0,1120.0,1.0,0.0,0.0
218.6,1014.0,1014.0,1.9314285714285715,507,1,0.0,0.0,0.0,0.0,0.0,0.0,1093.0,1.0,0.0,0.0
208.8,986.0,986.0,1.9563492063492063,493,1,0.0,0.0,0.0,0.0,0.0,0.0,1044.0,1.0,0.0,0.0
203.2,962.0,962.0,1.9473684210526316,480,1,0.0,0.0,0.0,0.0,0.0,0.0,1016.0,1.0,0.0,0.0
225.8,1048.0,1048.0,1.9264705882352942,526,1,0.0,0.0,0.0,0.0,0.0,0.0,1129.0,1.0,0.0,0.0
233.6,1080.0,1080.0,1.9217081850533808,539,1,0.0,0.0,0.0,0.0,0.0,0.0,1168.0,1.0,0.0,0.0
245.8,1116.0,1116.0,1.8883248730964468,560,1,0.0,0.0,0.0,0.0,0.0,0.0,1229.0,1.0,0.0,0.0
241.6,1098.0,1098.0,1.902946273830156,548,1,0.0,0.0,0.0,0.0,0.0,0.0,1208.0,1.0,0.0,0.0
231.8,1056.0,1056.0,1.9095840867992766,529,1,0.0,0.0,0.0,0.0,0.0,0.0,1159.0,1.0,0.0,0.0
229.4,1046.0,1046.0,1.9052823315118397,522,1,0.0,0.0,0.0,0.0,0.0,0.0,1147.0,1.0,0.0,0.0
222.2,1024.0,1024.0,1.9284369114877589,511,1,0.0,0.0,0.0,0.0,0.0,0.0,1111.0,1.0,0.0,0.0
217.8,1008.0,1008.0,1.9273422562141491,504,1,0.0,0.0,0.0,0.0,0.0,0.0,1089.0,1.0,0.0,0.0
214.6,996.0,996.0,1.9264990328820115,498,1,0.0,0.0,0.0,0.0,0.0,0.0,1073.0,1.0,0.0,0.0
212.4,980.0,980.0,1.9215686274509804,490,1,0.0,0.0,0.0,0.0,0.0,0.0,1062.0,1.0,0.0,0.0
209.6,954.0,954.0,1.900398406374502,476,1,0.0,0.0,0.0,0.0,0.0,0.0,1048.0,1.0,0.0,0.0
212.4,966.0,966.0,1.9128712871287128,482,1,0.0,0.0,0.0,0.0,0.0,0.0,1062.0,1.0,0.0,0.0
218.6,996.0,996.0,1.9190751445086704,498,1,0.0,0.0,0.0,0.0,0.0,0.0,1093.0,1.0,0.0,0.0
221.4,1016.0,1016.0,1.9169811320754717,507,1,0.0,0.0,0.0,0.0,0.0,0.0,1107.0,1.0,0.0,0.0
224.8,1038.0,1038.0,1.9222222222222223,519,1,0.0,0.0,0.0,0.0,0.0,0.0,1124.0,1.0,0.0,0.0
225.6,1038.0,1038.0,1.9116022099447514,520,1,0.0,0.0,0.0,0.0,0.0,0.0,1128.0,1.0,0.0,0.0
219.6,1002.0,1002.0,1.9013282732447818,500,1,0.0,0.0,0.0,0.0,0.0,0.0,1098.0,1.0,0.0,0.0
218.4,980.0,980.0,1.8955512572533848,490,1,0.0,0.0,0.0,0.0,0.0,0.0,1092.0,1.0,0.0,0.0
225.6,1008.0,1008.0,1.8876404494382022,505,1,0.0,0.0,0.0,0.0,0.0,0.0,1128.0,1.0,0.0,0.0
223.4,996.0,996.0,1.8971428571428572,500,1,0.0,0.0,0.0,0.0,0.0,0.0,1117.0,1.0,0.0,0.0
226.8,1002.0,1002.0,1.89413988657845,501,1,0.0,0.0,0.0,0.0,0.0,0.0,1134.0,1.0,0.0,0.0
221.4,974.0,974.0,1.90234375,488,1,0.0,0.0,0.0,0.0,0.0,0.0,1107.0,1.0,0.0,0.0
216.2,950.0,950.0,1.9269776876267748,474,1,0.0,0.0,0.0,0.0,0.0,0.0,1081.0,1.0,0.0,0.0
218.6,964.0,964.0,1.928,481,1,0.0,0.0,0.0,0.0,0.0,0.0,1093.0,1.0,0.0,0.0
217.4,958.0,958.0,1.9392712550607287,480,1,0.0,0.0,0.0,0.0,0.0,0.0,1087.0,1.0,0.0,0.0
214.4,944.0,944.0,1.9463917525773196,472,1,0.0,0.0,0.0,0.0,0.0,0.0,1072.0,1.0,0.0,0.0
215.0,940.0,940.0,1.9262295081967213,472,1,0.0,0.0,0.0,0.0,0.0,0.0,1075.0,1.0,0.0,0.0
215.6,932.0,932.0,1.8943089430894309,465,1,0.0,0.0,0.0,0.0,0.0,0.0,1078.0,1.0,0.0,0.0
218.0,958.0,958.0,1.8932806324110671,480,1,0.0,0.0,0.0,0.0,0.0,0.0,1090.0,1.0,0.0,0.0
224.8,996.0,996.0,1.8863636363636365,498,1,0.0,0.0,0.0,0.0,0.0,0.0,1124.0,1.0,0.0,0.0
221.8,986.0,986.0,1.896153846153846,496,1,0.0,0.0,0.0,0.0,0.0,0.0,1109.0,1.0,0.0,0.0
219.6,984.0,984.0,1.9294117647058824,495,1,0.0,0.0,0.0,0.0,0.0,0.0,1098.0,1.0,0.0,0.0
213.4,946.0,946.0,1.9266802443991853,472,1,0.0,0.0,0.0,0.0,0.0,0.0,1067.0,1.0,0.0,0.0
212.4,928.0,928.0,1.9173553719008265,465,1,0.0,0.0,0.0,0.0,0.0,0.0,1062.0,1.0,0.0,0.0
217.2,946.0,946.0,1.9111111111111112,473,1,0.0,0.0,0.0,0.0,0.0,0.0,1086.0,1.0,0.0,0.0
210.2,922.0,922.0,1.9128630705394192,461,1,0.0,0.0,0.0,0.0,0.0,0.0,1051.0,1.0,0.0,0.0
217.8,958.0,958.0,1.904572564612326,478,1,0.0,0.0,0.0,0.0,0.0,0.0,1089.0,1.0,0.0,0.0
220.4,966.0,966.0,1.9053254437869822,484,1,0.0,0.0,0.0,0.0,0.0,0.0,1102.0,1.0,0.0,0.0
226.8,980.0,980.0,1.8846153846153846,490,1,0.0,0.0,0.0,0.0,0.0,0.0,1134.0,1.0,0.0,0.0
235.6,996.0,996.0,1.879245283018868,499,1,0.0,0.0,0.0,0.0,0.0,0.0,1178.0,1.0,0.0,0.0
235.0,990.0,990.0,1.8785578747628084,496,1,0.0,0.0,0.0,0.0,0.0,0.0,1175.0,1.0,0.0,0.0
232.8,992.0,992.0,1.8859315589353611,500,1,0.0,0.0,0.0,0.0,0.0,0.0,1164.0,1.0,0.0,0.0
233.8,1016.0,1016.0,1.9242424242424243,509,1,0.0,0.0,0.0,0.0,0.0,0.0,1169.0,1.0,0.0,0.0
230.6,1014.0,1014.0,1.9168241965973536,507,1,0.0,0.0,0.0,0.0,0.0,0.0,1153.0,1.0,0.0,0.0
222.4,974.0,974.0,1.9173228346456692,487,1,0.0,0.0,0.0,0.0,0.0,0.0,1112.0,1.0,0.0,0.0
226.2,982.0,982.0,1.9067961165048544,493,1,0.0,0.0,0.0,0.0,0.0,0.0,1131.0,1.0,0.0,0.0
225.2,946.0,946.0,1.8297872340425532,472,1,0.0,0.0,0.0,0.0,0.0,0.0,1126.0,1.0,0.0,0.0
227.6,952.0,952.0,1.8237547892720307,476,1,0.0,0.0,0.0,0.0,0.0,0.0,1138.0,1.0,0.0,0.0
235.0,986.0,986.0,1.8327137546468402,494,1,0.0,0.0,0.0,0.0,0.0,0.0,1175.0,1.0,0.0,0.0
231.6,970.0,970.0,1.8371212121212122,485,1,0.0,0.0,0.0,0.0,0.0,0.0,1158.0,1.0,0.0,0.0
226.4,972.0,972.0,1.887378640776699,487,1,0.0,0.0,0.0,0.0,0.0,0.0,1132.0,1.0,0.0,0.0
223.2,962.0,962.0,1.901185770750988,482,1,0.0,0.0,0.0,0.0,0.0,0.0,1116.0,1.0,0.0,0.0
231.2,998.0,998.0,1.897338403041825,502,1,0.0,0.0,0.0,0.0,0.0,0.0,1156.0,1.0,0.0,0.0
238.8,1040.0,1040.0,1.9047619047619047,521,1,0.0,0.0,0.0,0.0,0.0,0.0,1194.0,1.0,0.0,0.0
235.6,1028.0,1028.0,1.914338919925512,514,1,0.0,0.0,0.0,0.0,0.0,0.0,1178.0,1.0,0.0,0.0
239.6,1028.0,1028.0,1.8759124087591241,514,1,0.0,0.0,0.0,0.0,0.0,0.0,1198.0,1.0,0.0,0.0
239.4,1022.0,1022.0,1.864963503649635,513,1,0.0,0.0,0.0,0.0,0.0,0.0,1197.0,1.0,0.0,0.0
235.0,994.0,994.0,1.8407407407407408,496,1,0.0,0.0,0.0,0.0,0.0,0.0,1175.0,1.0,0.0,0.0
230.8,984.0,984.0,1.8426966292134832,493,1,0.0,0.0,0.0,0.0,0.0,0.0,1154.0,1.0,0.0,0.0
233.8,1008.0,1008.0,1.8632162661737524,505,1,0.0,0.0,0.0,0.0,0.0,0.0,1169.0,1.0,0.0,0.0
230.2,982.0,982.0,1.8598484848484849,491,1,0.0,0.0,0.0,0.0,0.0,0.0,1151.0,1.0,0.0,0.0
226.0,962.0,962.0,1.8643410852713178,480,1,0.0,0.0,0.0,0.0,0.0,0.0,1130.0,1.0,0.0,0.0
229.8,958.0,958.0,1.8494208494208495,480,1,0.0,0.0,0.0,0.0,0.0,0.0,1149.0,1.0,0.0,0.0
223.4,922.0,922.0,1.840319361277445,464,1,0.0,0.0,0.0,0.0,0.0,0.0,1117.0,1.0,0.0,0.0
214.6,888.0,888.0,1.842323651452282,447,1,0.0,0.0,0.0,0.0,0.0,0.0,1073.0,1.0,0.0,0.0
219.2,910.0,910.0,1.8495934959349594,458,1,0.0,0.0,0.0,0.0,0.0,0.0,1096.0,1.0,0.0,0.0
224.8,950.0,950.0,1.8664047151277015,475,1,0.0,0.0,0.0,0.0,0.0,0.0,1124.0,1.0,0.0,0.0
222.2,934.0,934.0,1.8605577689243027,468,1,0.0,0.0,0.0,0.0,0.0,0.0,1111.0,1.0,0.0,0.0
226.2,934.0,934.0,1.8422090729783038,471,1,0.0,0.0,0.0,0.0,0.0,0.0,1131.0,1.0,0.0,0.0
231.6,960.0,960.0,1.83206106870229,483,1,0.0,0.0,0.0,0.0,0.0,0.0,1158.0,1.0,0.0,0.0
225.8,924.0,924.0,1.8153241650294696,464,1,0.0,0.0,0.0,0.0,0.0,0.0,1129.0,1.0,0.0,0.0
226.2,916.0,916.0,1.796078431372549,459,1,0.0,0.0,0.0,0.0,0.0,0.0,1131.0,1.0,0.0,0.0
223.8,922.0,922.0,1.8293650793650793,462,1,0.0,0.0,0.0,0.0,0.0,0.0,1119.0,1.0,0.0,0.0
223.8,918.0,918.0,1.8214285714285714,458,1,0.0,0.0,0.0,0.0,0.0,0.0,1119.0,1.0,0.0,0.0
209.6,848.0,848.0,1.8081023454157783,424,1,0.0,0.0,0.0,0.0,0.0,0.0,1048.0,1.0,0.0,0.0
209.0,844.0,844.0,1.8150537634408601,425,1,0.0,0.0,0.0,0.0,0.0,0.0,1045.0,1.0,0.0,0.0
215.4,860.0,860.0,1.7805383022774328,431,1,0.0,0.0,0.0,0.0,0.0,0.0,1077.0,1.0,0.0,0.0
214.2,858.0,858.0,1.794979079497908,430,1,0.0,0.0,0.0,0.0,0.0,0.0,1071.0,1.0,0.0,0.0
233.2,944.0,944.0,1.7946768060836502,473,1,0.0,0.0,0.0,0.0,0.0,0.0,1166.0,1.0,0.0,0.0
237.8,974.0,974.0,1.8003696857670979,485,1,0.0,0.0,0.0,0.0,0.0,0.0,1189.0,1.0,0.0,0.0
231.4,954.0,954.0,1.810246679316888,477,1,0.0,0.0,0.0,0.0,0.0,0.0,1157.0,1.0,0.0,0.0
226.8,924.0,924.0,1.7872340425531914,463,1,0.0,0.0,0.0,0.0,0.0,0.0,1134.0,1.0,0.0,0.0
220.8,896.0,896.0,1.7777777777777777,447,1,0.0,0.0,0.0,0.0,0.0,0.0,1104.0,1.0,0.0,0.0
219.8,896.0,896.0,1.7777777777777777,447,1,0.0,0.0,0.0,0.0,0.0,0.0,1099.0,1.0,0.0,0.0
220.0,894.0,894.0,1.784431137724551,447,1,0.0,0.0,0.0,0.0,0.0,0.0,1100.0,1.0,0.0,0.0
217.8,898.0,898.0,1.806841046277666,450,1,0.0,0.0,0.0,0.0,0.0,0.0,1089.0,1.0,0.0,0.0
217.4,898.0,898.0,1.8252032520325203,451,1,0.0,0.0,0.0,0.0,0.0,0.0,1087.0,1.0,0.0,0.0
231.8,962.0,962.0,1.85,482,1,0.0,0.0,0.0,0.0,0.0,0.0,1159.0,1.0,0.0,0.0
240.2,1004.0,1004.0,1.8592592592592592,503,1,0.0,0.0,0.0,0.0,0.0,0.0,1201.0,1.0,0.0,0.0
235.6,974.0,974.0,1.8481973434535104,489,1,0.0,0.0,0.0,0.0,0.0,0.0,1178.0,1.0,0.0,0.0
233.0,984.0,984.0,1.870722433460076,492,1,0.0,0.0,0.0,0.0,0.0,0.0,1165.0,1.0,0.0,0.0
227.2,958.0,958.0,1.8565891472868217,480,1,0.0,0.0,0.0,0.0,0.0,0.0,1136.0,1.0,0.0,0.0
221.8,940.0,940.0,1.8577075098814229,469,1,0.0,0.0,0.0,0.0,0.0,0.0,1109.0,1.0,0.0,0.0
241.4,1024.0,1024.0,1.845045045045045,515,1,0.0,0.0,0.0,0.0,0.0,0.0,1207.0,1.0,0.0,0.0
241.4,1016.0,1016.0,1.8273381294964028,507,1,0.0,0.0,0.0,0.0,0.0,0.0,1207.0,1.0,0.0,0.0
236.2,1004.0,1004.0,1.8422018348623854,502,1,0.0,0.0,0.0,0.0,0.0,0.0,1181.0,1.0,0.0,0.0
231.2,992.0,992.0,1.8438661710037174,497,1,0.0,0.0,0.0,0.0,0.0,0.0,1156.0,1.0,0.0,0.0
215.8,934.0,934.0,1.871743486973948,470,1,0.0,0.0,0.0,0.0,0.0,0.0,1079.0,1.0,0.0,0.0
218.4,946.0,946.0,1.8658777120315582,473,1,0.0,0.0,0.0,0.0,0.0,0.0,1092.0,1.0,0.0,0.0
217.4,944.0,944.0,1.8767395626242545,472,1,0.0,0.0,0.0,0.0,0.0,0.0,1087.0,1.0,0.0,0.0
218.6,936.0,936.0,1.8682634730538923,469,1,0.0,0.0,0.0,0.0,0.0,0.0,1093.0,1.0,0.0,0.0
214.4,910.0,910.0,1.8495934959349594,456,1,0.0,0.0,0.0,0.0,0.0,0.0,1072.0,1.0,0.0,0.0
223.0,942.0,942.0,1.8326848249027237,472,1,0.0,0.0,0.0,0.0,0.0,0.0,1115.0,1.0,0.0,0.0
221.0,928.0,928.0,1.8267716535433072,464,1,0.0,0.0,0.0,0.0,0.0,0.0,1105.0,1.0,0.0,0.0
220.0,926.0,926.0,1.8264299802761341,465,1,0.0,0.0,0.0,0.0,0.0,0.0,1100.0,1.0,0.0,0.0
224.8,960.0,960.0,1.8426103646833014,483,1,0.0,0.0,0.0,0.0,0.0,0.0,1124.0,1.0,0.0,0.0
213.2,922.0,922.0,1.8739837398373984,463,1,0.0,0.0,0.0,0.0,0.0,0.0,1066.0,1.0,0.0,0.0
217.8,942.0,942.0,1.8653465346534654,473,1,0.0,0.0,0.0,0.0,0.0,0.0,1089.0,1.0,0.0,0.0
217.6,934.0,934.0,1.856858846918489,471,1,0.0,0.0,0.0,0.0,0.0,0.0,1088.0,1.0,0.0,0.0
226.6,952.0,952.0,1.8237547892720307,479,1,0.0,0.0,0.0,0.0,0.0,0.0,1133.0,1.0,0.0,0.0
231.4,962.0,962.0,1.794776119402985,482,1,0.0,0.0,0.0,0.0,0.0,0.0,1157.0,1.0,0.0,0.0
229.2,952.0,952.0,1.7894736842105263,474,1,0.0,0.0,0.0,0.0,0.0,0.0,1146.0,1.0,0.0,0.0
226.0,952.0,952.0,1.8064516129032258,477,1,0.0,0.0,0.0,0.0,0.0,0.0,1130.0,1.0,0.0,0.0
217.8,944.0,944.0,1.84375,469,1,0.0,0.0,0.0,0.0,0.0,0.0,1089.0,1.0,0.0,0.0
222.4,950.0,950.0,1.8482490272373542,476,1,0.0,0.0,0.0,0.0,0.0,0.0,1112.0,1.0,0.0,0.0
229.4,964.0,964.0,1.8257575757575757,486,1,0.0,0.0,0.0,0.0,0.0,0.0,1147.0,1.0,0.0,0.0
229.0,950.0,950.0,1.8095238095238095,468,1,0.0,0.0,0.0,0.0,0.0,0.0,1145.0,1.0,0.0,0.0
234.2,952.0,952.0,1.8064516129032258,471,1,0.0,0.0,0.0,0.0,0.0,0.0,1171.0,1.0,0.0,0.0
222.0,898.0,898.0,1.8178137651821862,445,1,0.0,0.0,0.0,0.0,0.0,0.0,1110.0,1.0,0.0,0.0
218.6,900.0,900.0,1.836734693877551,446,1,0.0,0.0,0.0,0.0,0.0,0.0,1093.0,1.0,0.0,0.0
231.4,958.0,958.0,1.8423076923076922,481,1,0.0,0.0,0.0,0.0,0.0,0.0,1157.0,1.0,0.0,0.0
235.8,978.0,978.0,1.8144712430426717,488,1,0.0,0.0,0.0,0.0,0.0,0.0,1179.0,1.0,0.0,0.0
243.0,1034.0,1034.0,1.8333333333333333,518,1,0.0,0.0,0.0,0.0,0.0,0.0,1215.0,1.0,0.0,0.0
247.8,1056.0,1056.0,1.8365217391304347,527,1,0.0,0.0,0.0,0.0,0.0,0.0,1239.0,1.0,0.0,0.0
243.2,1030.0,1030.0,1.823008849557522,515,1,0.0,0.0,0.0,0.0,0.0,0.0,1216.0,1.0,0.0,0.0
