71.8,4573.0,4428.0,30.89864864864865,211,1,0.0,0.0,0.0,0.0,0.0,0.0,0.0,0.0,359.0,1.0
76.8,1141.0,976.0,6.915151515151515,219,1,0.0,0.0,0.0,0.0,0.0,0.0,0.0,0.0,384.0,1.0
79.6,1362.0,1192.0,8.011764705882353,228,1,0.0,0.0,0.0,0.0,0.0,0.0,0.0,0.0,398.0,1.0
80.8,1436.0,1264.0,8.348837209302326,232,1,0.0,0.0,0.0,0.0,0.0,0.0,0.0,0.0,404.0,1.0
84.0,1488.0,1304.0,8.08695652173913,236,1,0.0,0.0,0.0,0.0,0.0,0.0,0.0,0.0,420.0,1.0
85.6,1533.0,1344.0,8.11111111111111,239,1,0.0,0.0,0.0,0.0,0.0,0.0,0.0,0.0,428.0,1.0
85.8,1549.0,1360.0,8.195767195767196,240,1,0.0,0.0,0.0,0.0,0.0,0.0,0.0,0.0,429.0,1.0
84.8,1572.0,1384.0,8.361702127659575,236,1,0.0,0.0,0.0,0.0,0.0,0.0,0.0,0.0,424.0,1.0
82.0,1539.0,1360.0,8.597765363128492,231,1,0.0,0.0,0.0,0.0,0.0,0.0,0.0,0.0,410.0,1.0
80.6,1494.0,1320.0,8.586206896551724,229,1,0.0,0.0,0.0,0.0,0.0,0.0,0.0,0.0,403.0,1.0
81.0,1454.0,1280.0,8.35632183908046,231,1,0.0,0.0,0.0,0.0,0.0,0.0,0.0,0.0,405.0,1.0
81.6,1481.0,1304.0,8.36723163841808,231,1,0.0,0.0,0.0,0.0,0.0,0.0,0.0,0.0,408.0,1.0
81.0,1428.0,1256.0,8.30232558139535,233,1,0.0,0.0,0.0,0.0,0.0,0.0,0.0,0.0,405.0,1.0
81.4,1437.0,1264.0,8.306358381502891,234,1,0.0,0.0,0.0,0.0,0.0,0.0,0.0,0.0,407.0,1.0
80.2,1425.0,1256.0,8.431952662721894,232,1,0.0,0.0,0.0,0.0,0.0,0.0,0.0,0.0,401.0,1.0
79.8,1341.0,1176.0,8.127272727272727,234,1,0.0,0.0,0.0,0.0,0.0,0.0,0.0,0.0,399.0,1.0
80.4,1376.0,1208.0,8.19047619047619,234,1,0.0,0.0,0.0,0.0,0.0,0.0,0.0,0.0,402.0,1.0
78.2,1310.0,1152.0,8.291139240506329,233,1,0.0,0.0,0.0,0.0,0.0,0.0,0.0,0.0,391.0,1.0
77.8,1325.0,1168.0,8.439490445859873,232,1,0.0,0.0,0.0,0.0,0.0,0.0,0.0,0.0,389.0,1.0
76.6,1329.0,1176.0,8.686274509803921,230,1,0.0,0.0,0.0,0.0,0.0,0.0,0.0,0.0,383.0,1.0
76.8,1322.0,1168.0,8.584415584415584,230,1,0.0,0.0,0.0,0.0,0.0,0.0,0.0,0.0,384.0,1.0
78.8,1361.0,1200.0,8.453416149068323,233,1,0.0,0.0,0.0,0.0,0.0,0.0,0.0,0.0,394.0,1.0
78.8,1370.0,1208.0,8.45679012345679,232,1,0.0,0.0,0.0,0.0,0.0,0.0,0.0,0.0,394.0,1.0
79.8,1398.0,1232.0,8.421686746987952,233,1,0.0,0.0,0.0,0.0,0.0,0.0,0.0,0.0,399.0,1.0
79.2,1414.0,1248.0,8.518072289156626,230,1,0.0,0.0,0.0,0.0,0.0,0.0,0.0,0.0,396.0,1.0
79.4,1440.0,1272.0,8.571428571428571,229,1,0.0,0.0,0.0,0.0,0.0,0.0,0.0,0.0,397.0,1.0
80.6,1444.0,1272.0,8.395348837209303,231,1,0.0,0.0,0.0,0.0,0.0,0.0,0.0,0.0,403.0,1.0
80.8,1479.0,1304.0,8.451428571428572,229,1,0.0,0.0,0.0,0.0,0.0,0.0,0.0,0.0,404.0,1.0
81.4,1523.0,1344.0,8.508379888268156,228,1,0.0,0.0,0.0,0.0,0.0,0.0,0.0,0.0,407.0,1.0
80.6,1479.0,1304.0,8.451428571428572,228,1,0.0,0.0,0.0,0.0,0.0,0.0,0.0,0.0,403.0,1.0
78.2,1429.0,1264.0,8.66060606060606,226,1,0.0,0.0,0.0,0.0,0.0,0.0,0.0,0.0,391.0,1.0
77.8,1394.0,1232.0,8.604938271604938,227,1,0.0,0.0,0.0,0.0,0.0,0.0,0.0,0.0,389.0,1.0
78.4,1352.0,1192.0,8.45,232,1,0.0,0.0,0.0,0.0,0.0,0.0,0.0,0.0,392.0,1.0
80.4,1425.0,1256.0,8.431952662721894,233,1,0.0,0.0,0.0,0.0,0.0,0.0,0.0,0.0,402.0,1.0
80.0,1383.0,1216.0,8.281437125748504,233,1,0.0,0.0,0.0,0.0,0.0,0.0,0.0,0.0,400.0,1.0
82.2,1414.0,1240.0,8.126436781609195,237,1,0.0,0.0,0.0,0.0,0.0,0.0,0.0,0.0,411.0,1.0
81.8,1431.0,1256.0,8.177142857142858,234,1,0.0,0.0,0.0,0.0,0.0,0.0,0.0,0.0,409.0,1.0
78.8,1331.0,1168.0,8.16564417177914,231,1,0.0,0.0,0.0,0.0,0.0,0.0,0.0,0.0,394.0,1.0
79.4,1382.0,1216.0,8.325301204819278,231,1,0.0,0.0,0.0,0.0,0.0,0.0,0.0,0.0,397.0,1.0
80.6,1462.0,1288.0,8.402298850574713,229,1,0.0,0.0,0.0,0.0,0.0,0.0,0.0,0.0,403.0,1.0
79.6,1424.0,1256.0,8.476190476190476,230,1,0.0,0.0,0.0,0.0,0.0,0.0,0.0,0.0,398.0,1.0
81.6,1505.0,1328.0,8.502824858757062,231,1,0.0,0.0,0.0,0.0,0.0,0.0,0.0,0.0,408.0,1.0
82.2,1473.0,1296.0,8.322033898305085,234,1,0.0,0.0,0.0,0.0,0.0,0.0,0.0,0.0,411.0,1.0
81.0,1419.0,1248.0,8.298245614035087,234,1,0.0,0.0,0.0,0.0,0.0,0.0,0.0,0.0,405.0,1.0
79.6,1391.0,1224.0,8.32934131736527,231,1,0.0,0.0,0.0,0.0,0.0,0.0,0.0,0.0,398.0,1.0
80.2,1401.0,1232.0,8.289940828402367,232,1,0.0,0.0,0.0,0.0,0.0,0.0,0.0,0.0,401.0,1.0
79.2,1399.0,1232.0,8.377245508982035,229,1,0.0,0.0,0.0,0.0,0.0,0.0,0.0,0.0,396.0,1.0
78.0,1371.0,1208.0,8.411042944785276,227,1,0.0,0.0,0.0,0.0,0.0,0.0,0.0,0.0,390.0,1.0
75.8,1288.0,1136.0,8.473684210526315,227,1,0.0,0.0,0.0,0.0,0.0,0.0,0.0,0.0,379.0,1.0
74.6,1226.0,1080.0,8.397260273972602,227,1,0.0,0.0,0.0,0.0,0.0,0.0,0.0,0.0,373.0,1.0
76.2,1246.0,1096.0,8.306666666666667,231,1,0.0,0.0,0.0,0.0,0.0,0.0,0.0,0.0,381.0,1.0
77.6,1257.0,1104.0,8.215686274509803,235,1,0.0,0.0,0.0,0.0,0.0,0.0,0.0,0.0,388.0,1.0
79.2,1304.0,1144.0,8.15,236,1,0.0,0.0,0.0,0.0,0.0,0.0,0.0,0.0,396.0,1.0
80.2,1321.0,1160.0,8.20496894409938,240,1,0.0,0.0,0.0,0.0,0.0,0.0,0.0,0.0,401.0,1.0
80.4,1373.0,1208.0,8.32121212121212,237,1,0.0,0.0,0.0,0.0,0.0,0.0,0.0,0.0,402.0,1.0
79.8,1424.0,1256.0,8.476190476190476,231,1,0.0,0.0,0.0,0.0,0.0,0.0,0.0,0.0,399.0,1.0
80.2,1442.0,1272.0,8.48235294117647,231,1,0.0,0.0,0.0,0.0,0.0,0.0,0.0,0.0,401.0,1.0
79.8,1493.0,1320.0,8.630057803468208,226,1,0.0,0.0,0.0,0.0,0.0,0.0,0.0,0.0,399.0,1.0
81.4,1490.0,1312.0,8.370786516853933,229,1,0.0,0.0,0.0,0.0,0.0,0.0,0.0,0.0,407.0,1.0
82.4,1474.0,1296.0,8.280898876404494,234,1,0.0,0.0,0.0,0.0,0.0,0.0,0.0,0.0,412.0,1.0
84.2,1489.0,1304.0,8.04864864864865,236,1,0.0,0.0,0.0,0.0,0.0,0.0,0.0,0.0,421.0,1.0
87.2,1505.0,1312.0,7.7979274611398965,243,1,0.0,0.0,0.0,0.0,0.0,0.0,0.0,0.0,436.0,1.0
86.2,1510.0,1320.0,7.947368421052632,241,1,0.0,0.0,0.0,0.0,0.0,0.0,0.0,0.0,431.0,1.0
83.4,1462.0,1280.0,8.032967032967033,235,1,0.0,0.0,0.0,0.0,0.0,0.0,0.0,0.0,417.0,1.0
81.8,1388.0,1216.0,8.069767441860465,237,1,0.0,0.0,0.0,0.0,0.0,0.0,0.0,0.0,409.0,1.0
78.6,1321.0,1160.0,8.20496894409938,232,1,0.0,0.0,0.0,0.0,0.0,0.0,0.0,0.0,393.0,1.0
77.6,1252.0,1096.0,8.025641025641026,232,1,0.0,0.0,0.0,0.0,0.0,0.0,0.0,0.0,388.0,1.0
80.8,1292.0,1128.0,7.878048780487805,240,1,0.0,0.0,0.0,0.0,0.0,0.0,0.0,0.0,404.0,1.0
80.4,1326.0,1160.0,7.9879518072289155,236,1,0.0,0.0,0.0,0.0,0.0,0.0,0.0,0.0,402.0,1.0
79.8,1291.0,1128.0,7.920245398773006,236,1,0.0,0.0,0.0,0.0,0.0,0.0,0.0,0.0,399.0,1.0
80.6,1369.0,1200.0,8.100591715976332,234,1,0.0,0.0,0.0,0.0,0.0,0.0,0.0,0.0,403.0,1.0
79.6,1384.0,1216.0,8.238095238095237,230,1,0.0,0.0,0.0,0.0,0.0,0.0,0.0,0.0,398.0,1.0
80.4,1436.0,1264.0,8.348837209302326,230,1,0.0,0.0,0.0,0.0,0.0,0.0,0.0,0.0,402.0,1.0
81.6,1491.0,1312.0,8.329608938547485,229,1,0.0,0.0,0.0,0.0,0.0,0.0,0.0,0.0,408.0,1.0
82.6,1518.0,1336.0,8.340659340659341,231,1,0.0,0.0,0.0,0.0,0.0,0.0,0.0,0.0,413.0,1.0
83.6,1554.0,1368.0,8.35483870967742,232,1,0.0,0.0,0.0,0.0,0.0,0.0,0.0,0.0,418.0,1.0
82.6,1526.0,1344.0,8.384615384615385,231,1,0.0,0.0,0.0,0.0,0.0,0.0,0.0,0.0,413.0,1.0
83.8,1570.0,1384.0,8.440860215053764,233,1,0.0,0.0,0.0,0.0,0.0,0.0,0.0,0.0,419.0,1.0
83.0,1576.0,1392.0,8.565217391304348,231,1,0.0,0.0,0.0,0.0,0.0,0.0,0.0,0.0,415.0,1.0
83.4,1561.0,1376.0,8.437837837837838,232,1,0.0,0.0,0.0,0.0,0.0,0.0,0.0,0.0,417.0,1.0
84.0,1579.0,1392.0,8.443850267379679,233,1,0.0,0.0,0.0,0.0,0.0,0.0,0.0,0.0,420.0,1.0
84.0,1604.0,1416.0,8.53191489361702,232,1,0.0,0.0,0.0,0.0,0.0,0.0,0.0,0.0,420.0,1.0
84.8,1573.0,1384.0,8.322751322751323,235,1,0.0,0.0,0.0,0.0,0.0,0.0,0.0,0.0,424.0,1.0
86.2,1593.0,1400.0,8.253886010362693,238,1,0.0,0.0,0.0,0.0,0.0,0.0,0.0,0.0,431.0,1.0
84.8,1540.0,1352.0,8.191489361702128,236,1,0.0,0.0,0.0,0.0,0.0,0.0,0.0,0.0,424.0,1.0
84.4,1471.0,1288.0,8.03825136612022,239,1,0.0,0.0,0.0,0.0,0.0,0.0,0.0,0.0,422.0,1.0
84.4,1464.0,1280.0,7.956521739130435,238,1,0.0,0.0,0.0,0.0,0.0,0.0,0.0,0.0,422.0,1.0
83.8,1470.0,1288.0,8.076923076923077,237,1,0.0,0.0,0.0,0.0,0.0,0.0,0.0,0.0,419.0,1.0
83.4,1494.0,1312.0,8.208791208791208,235,1,0.0,0.0,0.0,0.0,0.0,0.0,0.0,0.0,417.0,1.0
83.8,1537.0,1352.0,8.308108108108108,234,1,0.0,0.0,0.0,0.0,0.0,0.0,0.0,0.0,419.0,1.0
83.4,1577.0,1392.0,8.524324324324324,232,1,0.0,0.0,0.0,0.0,0.0,0.0,0.0,0.0,417.0,1.0
84.2,1597.0,1408.0,8.44973544973545,232,1,0.0,0.0,0.0,0.0,0.0,0.0,0.0,0.0,421.0,1.0
83.8,1570.0,1384.0,8.440860215053764,233,1,0.0,0.0,0.0,0.0,0.0,0.0,0.0,0.0,419.0,1.0
83.8,1596.0,1408.0,8.48936170212766,231,1,0.0,0.0,0.0,0.0,0.0,0.0,0.0,0.0,419.0,1.0
82.6,1525.0,1344.0,8.425414364640885,232,1,0.0,0.0,0.0,0.0,0.0,0.0,0.0,0.0,413.0,1.0
83.0,1509.0,1328.0,8.337016574585636,234,1,0.0,0.0,0.0,0.0,0.0,0.0,0.0,0.0,415.0,1.0
84.0,1531.0,1344.0,8.18716577540107,233,1,0.0,0.0,0.0,0.0,0.0,0.0,0.0,0.0,420.0,1.0
83.2,1511.0,1328.0,8.256830601092895,233,1,0.0,0.0,0.0,0.0,0.0,0.0,0.0,0.0,416.0,1.0
82.4,1475.0,1296.0,8.240223463687151,233,1,0.0,0.0,0.0,0.0,0.0,0.0,0.0,0.0,412.0,1.0
80.0,1400.0,1232.0,8.333333333333334,232,1,0.0,0.0,0.0,0.0,0.0,0.0,0.0,0.0,400.0,1.0
79.2,1397.0,1232.0,8.466666666666667,231,1,0.0,0.0,0.0,0.0,0.0,0.0,0.0,0.0,396.0,1.0
79.2,1405.0,1240.0,8.515151515151516,231,1,0.0,0.0,0.0,0.0,0.0,0.0,0.0,0.0,396.0,1.0
79.2,1431.0,1264.0,8.568862275449101,229,1,0.0,0.0,0.0,0.0,0.0,0.0,0.0,0.0,396.0,1.0
78.8,1448.0,1280.0,8.619047619047619,226,1,0.0,0.0,0.0,0.0,0.0,0.0,0.0,0.0,394.0,1.0
78.6,1406.0,1240.0,8.46987951807229,227,1,0.0,0.0,0.0,0.0,0.0,0.0,0.0,0.0,393.0,1.0
79.0,1365.0,1200.0,8.272727272727273,230,1,0.0,0.0,0.0,0.0,0.0,0.0,0.0,0.0,395.0,1.0
80.8,1396.0,1224.0,8.116279069767442,232,1,0.0,0.0,0.0,0.0,0.0,0.0,0.0,0.0,404.0,1.0
81.8,1424.0,1248.0,8.090909090909092,233,1,0.0,0.0,0.0,0.0,0.0,0.0,0.0,0.0,409.0,1.0
81.8,1433.0,1256.0,8.096045197740112,232,1,0.0,0.0,0.0,0.0,0.0,0.0,0.0,0.0,409.0,1.0
82.2,1485.0,1304.0,8.204419889502763,230,1,0.0,0.0,0.0,0.0,0.0,0.0,0.0,0.0,411.0,1.0
81.4,1473.0,1296.0,8.322033898305085,230,1,0.0,0.0,0.0,0.0,0.0,0.0,0.0,0.0,407.0,1.0
82.4,1466.0,1288.0,8.235955056179776,234,1,0.0,0.0,0.0,0.0,0.0,0.0,0.0,0.0,412.0,1.0
82.8,1501.0,1320.0,8.292817679558011,233,1,0.0,0.0,0.0,0.0,0.0,0.0,0.0,0.0,414.0,1.0
81.4,1463.0,1288.0,8.36,232,1,0.0,0.0,0.0,0.0,0.0,0.0,0.0,0.0,407.0,1.0
81.4,1506.0,1328.0,8.460674157303371,229,1,0.0,0.0,0.0,0.0,0.0,0.0,0.0,0.0,407.0,1.0
81.2,1540.0,1360.0,8.555555555555555,226,1,0.0,0.0,0.0,0.0,0.0,0.0,0.0,0.0,406.0,1.0
81.6,1541.0,1360.0,8.513812154696133,227,1,0.0,0.0,0.0,0.0,0.0,0.0,0.0,0.0,408.0,1.0
