80.6,1755.0,1565.0,9.140625,211,1,0.0,0.0,0.0,0.0,0.0,0.0,0.0,0.0,403.0,1.0
75.0,730.0,552.0,4.101123595505618,197,1,0.0,0.0,0.0,0.0,0.0,0.0,0.0,0.0,375.0,1.0
74.8,723.0,544.0,4.039106145251397,195,1,0.0,0.0,0.0,0.0,0.0,0.0,0.0,0.0,374.0,1.0
75.0,660.0,480.0,3.6666666666666665,195,1,0.0,0.0,0.0,0.0,0.0,0.0,0.0,0.0,375.0,1.0
74.8,692.0,512.0,3.8444444444444446,194,1,0.0,0.0,0.0,0.0,0.0,0.0,0.0,0.0,374.0,1.0
76.8,615.0,432.0,3.360655737704918,201,1,0.0,0.0,0.0,0.0,0.0,0.0,0.0,0.0,384.0,1.0
76.8,588.0,408.0,3.2666666666666666,204,1,0.0,0.0,0.0,0.0,0.0,0.0,0.0,0.0,384.0,1.0
77.6,599.0,416.0,3.273224043715847,205,1,0.0,0.0,0.0,0.0,0.0,0.0,0.0,0.0,388.0,1.0
78.6,568.0,384.0,3.0869565217391304,209,1,0.0,0.0,0.0,0.0,0.0,0.0,0.0,0.0,393.0,1.0
76.6,614.0,432.0,3.3736263736263736,201,1,0.0,0.0,0.0,0.0,0.0,0.0,0.0,0.0,383.0,1.0
77.2,626.0,440.0,3.3655913978494625,200,1,0.0,0.0,0.0,0.0,0.0,0.0,0.0,0.0,386.0,1.0
78.4,596.0,408.0,3.1702127659574466,204,1,0.0,0.0,0.0,0.0,0.0,0.0,0.0,0.0,392.0,1.0
78.2,588.0,400.0,3.127659574468085,203,1,0.0,0.0,0.0,0.0,0.0,0.0,0.0,0.0,391.0,1.0
79.8,567.0,376.0,2.968586387434555,208,1,0.0,0.0,0.0,0.0,0.0,0.0,0.0,0.0,399.0,1.0
79.2,572.0,384.0,3.0425531914893615,208,1,0.0,0.0,0.0,0.0,0.0,0.0,0.0,0.0,396.0,1.0
76.8,614.0,432.0,3.3736263736263736,202,1,0.0,0.0,0.0,0.0,0.0,0.0,0.0,0.0,384.0,1.0
76.0,629.0,448.0,3.4751381215469612,199,1,0.0,0.0,0.0,0.0,0.0,0.0,0.0,0.0,380.0,1.0
75.4,643.0,464.0,3.5921787709497206,198,1,0.0,0.0,0.0,0.0,0.0,0.0,0.0,0.0,377.0,1.0
76.4,631.0,448.0,3.448087431693989,199,1,0.0,0.0,0.0,0.0,0.0,0.0,0.0,0.0,382.0,1.0
76.8,634.0,448.0,3.4086021505376345,198,1,0.0,0.0,0.0,0.0,0.0,0.0,0.0,0.0,384.0,1.0
77.8,635.0,448.0,3.3957219251336896,202,1,0.0,0.0,0.0,0.0,0.0,0.0,0.0,0.0,389.0,1.0
79.2,589.0,400.0,3.1164021164021163,207,1,0.0,0.0,0.0,0.0,0.0,0.0,0.0,0.0,396.0,1.0
79.6,558.0,368.0,2.9368421052631577,208,1,0.0,0.0,0.0,0.0,0.0,0.0,0.0,0.0,398.0,1.0
80.2,551.0,360.0,2.884816753926702,210,1,0.0,0.0,0.0,0.0,0.0,0.0,0.0,0.0,401.0,1.0
80.8,512.0,320.0,2.6666666666666665,212,1,0.0,0.0,0.0,0.0,0.0,0.0,0.0,0.0,404.0,1.0
79.8,534.0,344.0,2.8105263157894735,209,1,0.0,0.0,0.0,0.0,0.0,0.0,0.0,0.0,399.0,1.0
79.2,598.0,408.0,3.1473684210526316,206,1,0.0,0.0,0.0,0.0,0.0,0.0,0.0,0.0,396.0,1.0
79.4,574.0,384.0,3.0210526315789474,207,1,0.0,0.0,0.0,0.0,0.0,0.0,0.0,0.0,397.0,1.0
78.4,621.0,432.0,3.2857142857142856,203,1,0.0,0.0,0.0,0.0,0.0,0.0,0.0,0.0,392.0,1.0
78.2,637.0,448.0,3.3703703703703702,202,1,0.0,0.0,0.0,0.0,0.0,0.0,0.0,0.0,391.0,1.0
77.4,609.0,424.0,3.291891891891892,202,1,0.0,0.0,0.0,0.0,0.0,0.0,0.0,0.0,387.0,1.0
147.0,28863.0,28517.0,83.41907514450867,389,1,0.0,0.0,0.0,0.0,0.0,0.0,0.0,0.0,735.0,1.0
224.0,65859.0,65335.0,125.68511450381679,596,1,0.0,0.0,0.0,0.0,0.0,0.0,0.0,0.0,1120.0,1.0
330.2,115108.0,114328.0,147.57435897435897,871,1,0.0,0.0,0.0,0.0,0.0,0.0,0.0,0.0,1651.0,1.0
409.6,152177.0,151208.0,157.0454076367389,1079,1,0.0,0.0,0.0,0.0,0.0,0.0,0.0,0.0,2048.0,1.0
340.6,124154.0,123346.0,153.65594059405942,895,1,0.0,0.0,0.0,0.0,0.0,0.0,0.0,0.0,1703.0,1.0
266.2,87451.0,86815.0,137.50157232704402,695,1,0.0,0.0,0.0,0.0,0.0,0.0,0.0,0.0,1331.0,1.0
161.8,38054.0,37668.0,98.58549222797927,423,1,0.0,0.0,0.0,0.0,0.0,0.0,0.0,0.0,809.0,1.0
84.8,618.0,413.0,3.0146341463414634,219,1,0.0,0.0,0.0,0.0,0.0,0.0,0.0,0.0,424.0,1.0
83.6,480.0,280.0,2.4,218,1,0.0,0.0,0.0,0.0,0.0,0.0,0.0,0.0,418.0,1.0
81.4,531.0,336.0,2.723076923076923,212,1,0.0,0.0,0.0,0.0,0.0,0.0,0.0,0.0,407.0,1.0
79.8,544.0,352.0,2.8333333333333335,207,1,0.0,0.0,0.0,0.0,0.0,0.0,0.0,0.0,399.0,1.0
78.2,547.0,360.0,2.9251336898395723,204,1,0.0,0.0,0.0,0.0,0.0,0.0,0.0,0.0,391.0,1.0
78.6,545.0,360.0,2.945945945945946,208,1,0.0,0.0,0.0,0.0,0.0,0.0,0.0,0.0,393.0,1.0
77.6,523.0,344.0,2.921787709497207,209,1,0.0,0.0,0.0,0.0,0.0,0.0,0.0,0.0,388.0,1.0
77.4,538.0,360.0,3.0224719101123596,209,1,0.0,0.0,0.0,0.0,0.0,0.0,0.0,0.0,387.0,1.0
76.2,560.0,384.0,3.1818181818181817,205,1,0.0,0.0,0.0,0.0,0.0,0.0,0.0,0.0,381.0,1.0
78.0,527.0,344.0,2.879781420765027,207,1,0.0,0.0,0.0,0.0,0.0,0.0,0.0,0.0,390.0,1.0
78.6,529.0,344.0,2.8594594594594596,208,1,0.0,0.0,0.0,0.0,0.0,0.0,0.0,0.0,393.0,1.0
79.4,523.0,336.0,2.7967914438502675,210,1,0.0,0.0,0.0,0.0,0.0,0.0,0.0,0.0,397.0,1.0
80.2,491.0,304.0,2.625668449197861,214,1,0.0,0.0,0.0,0.0,0.0,0.0,0.0,0.0,401.0,1.0
79.4,505.0,320.0,2.72972972972973,212,1,0.0,0.0,0.0,0.0,0.0,0.0,0.0,0.0,397.0,1.0
79.4,504.0,320.0,2.739130434782609,213,1,0.0,0.0,0.0,0.0,0.0,0.0,0.0,0.0,397.0,1.0
79.0,495.0,312.0,2.7049180327868854,212,1,0.0,0.0,0.0,0.0,0.0,0.0,0.0,0.0,395.0,1.0
79.8,489.0,304.0,2.6432432432432433,214,1,0.0,0.0,0.0,0.0,0.0,0.0,0.0,0.0,399.0,1.0
79.6,512.0,328.0,2.782608695652174,214,1,0.0,0.0,0.0,0.0,0.0,0.0,0.0,0.0,398.0,1.0
80.6,517.0,328.0,2.7354497354497354,214,1,0.0,0.0,0.0,0.0,0.0,0.0,0.0,0.0,403.0,1.0
80.4,514.0,328.0,2.763440860215054,216,1,0.0,0.0,0.0,0.0,0.0,0.0,0.0,0.0,402.0,1.0
79.4,561.0,376.0,3.0324324324324325,212,1,0.0,0.0,0.0,0.0,0.0,0.0,0.0,0.0,397.0,1.0
78.4,552.0,368.0,3.0,208,1,0.0,0.0,0.0,0.0,0.0,0.0,0.0,0.0,392.0,1.0
78.6,536.0,352.0,2.9130434782608696,209,1,0.0,0.0,0.0,0.0,0.0,0.0,0.0,0.0,393.0,1.0
77.2,567.0,384.0,3.098360655737705,203,1,0.0,0.0,0.0,0.0,0.0,0.0,0.0,0.0,386.0,1.0
76.2,572.0,392.0,3.1777777777777776,201,1,0.0,0.0,0.0,0.0,0.0,0.0,0.0,0.0,381.0,1.0
77.2,558.0,376.0,3.065934065934066,204,1,0.0,0.0,0.0,0.0,0.0,0.0,0.0,0.0,386.0,1.0
78.0,537.0,352.0,2.902702702702703,205,1,0.0,0.0,0.0,0.0,0.0,0.0,0.0,0.0,390.0,1.0
79.6,532.0,344.0,2.8297872340425534,210,1,0.0,0.0,0.0,0.0,0.0,0.0,0.0,0.0,398.0,1.0
82.2,490.0,296.0,2.5257731958762886,217,1,0.0,0.0,0.0,0.0,0.0,0.0,0.0,0.0,411.0,1.0
82.8,466.0,272.0,2.402061855670103,220,1,0.0,0.0,0.0,0.0,0.0,0.0,0.0,0.0,414.0,1.0
81.2,508.0,320.0,2.702127659574468,218,1,0.0,0.0,0.0,0.0,0.0,0.0,0.0,0.0,406.0,1.0
81.4,483.0,296.0,2.5828877005347595,220,1,0.0,0.0,0.0,0.0,0.0,0.0,0.0,0.0,407.0,1.0
81.0,485.0,296.0,2.566137566137566,216,1,0.0,0.0,0.0,0.0,0.0,0.0,0.0,0.0,405.0,1.0
80.6,500.0,312.0,2.6595744680851063,215,1,0.0,0.0,0.0,0.0,0.0,0.0,0.0,0.0,403.0,1.0
81.8,464.0,272.0,2.4166666666666665,217,1,0.0,0.0,0.0,0.0,0.0,0.0,0.0,0.0,409.0,1.0
80.6,477.0,288.0,2.5238095238095237,214,1,0.0,0.0,0.0,0.0,0.0,0.0,0.0,0.0,403.0,1.0
79.6,490.0,304.0,2.6344086021505375,212,1,0.0,0.0,0.0,0.0,0.0,0.0,0.0,0.0,398.0,1.0
79.2,489.0,304.0,2.6432432432432433,211,1,0.0,0.0,0.0,0.0,0.0,0.0,0.0,0.0,396.0,1.0
79.2,480.0,296.0,2.608695652173913,212,1,0.0,0.0,0.0,0.0,0.0,0.0,0.0,0.0,396.0,1.0
79.8,477.0,288.0,2.5238095238095237,210,1,0.0,0.0,0.0,0.0,0.0,0.0,0.0,0.0,399.0,1.0
80.0,495.0,304.0,2.5916230366492146,209,1,0.0,0.0,0.0,0.0,0.0,0.0,0.0,0.0,400.0,1.0
80.6,488.0,296.0,2.5416666666666665,211,1,0.0,0.0,0.0,0.0,0.0,0.0,0.0,0.0,403.0,1.0
79.2,534.0,344.0,2.8105263157894735,206,1,0.0,0.0,0.0,0.0,0.0,0.0,0.0,0.0,396.0,1.0
79.4,532.0,344.0,2.8297872340425534,209,1,0.0,0.0,0.0,0.0,0.0,0.0,0.0,0.0,397.0,1.0
80.4,503.0,312.0,2.6335078534031413,211,1,0.0,0.0,0.0,0.0,0.0,0.0,0.0,0.0,402.0,1.0
81.4,498.0,304.0,2.5670103092783507,213,1,0.0,0.0,0.0,0.0,0.0,0.0,0.0,0.0,407.0,1.0
82.4,469.0,272.0,2.3807106598984773,215,1,0.0,0.0,0.0,0.0,0.0,0.0,0.0,0.0,412.0,1.0
82.8,455.0,256.0,2.28643216080402,215,1,0.0,0.0,0.0,0.0,0.0,0.0,0.0,0.0,414.0,1.0
80.8,478.0,288.0,2.5157894736842104,214,1,0.0,0.0,0.0,0.0,0.0,0.0,0.0,0.0,404.0,1.0
79.4,499.0,312.0,2.6684491978609626,210,1,0.0,0.0,0.0,0.0,0.0,0.0,0.0,0.0,397.0,1.0
80.2,508.0,320.0,2.702127659574468,213,1,0.0,0.0,0.0,0.0,0.0,0.0,0.0,0.0,401.0,1.0
80.6,543.0,352.0,2.842931937172775,212,1,0.0,0.0,0.0,0.0,0.0,0.0,0.0,0.0,403.0,1.0
81.2,523.0,328.0,2.682051282051282,211,1,0.0,0.0,0.0,0.0,0.0,0.0,0.0,0.0,406.0,1.0
83.2,505.0,304.0,2.512437810945274,215,1,0.0,0.0,0.0,0.0,0.0,0.0,0.0,0.0,416.0,1.0
81.2,491.0,296.0,2.517948717948718,211,1,0.0,0.0,0.0,0.0,0.0,0.0,0.0,0.0,406.0,1.0
80.4,477.0,288.0,2.5238095238095237,213,1,0.0,0.0,0.0,0.0,0.0,0.0,0.0,0.0,402.0,1.0
80.0,492.0,304.0,2.617021276595745,212,1,0.0,0.0,0.0,0.0,0.0,0.0,0.0,0.0,400.0,1.0
78.2,509.0,328.0,2.8121546961325965,210,1,0.0,0.0,0.0,0.0,0.0,0.0,0.0,0.0,391.0,1.0
79.4,511.0,328.0,2.7923497267759565,214,1,0.0,0.0,0.0,0.0,0.0,0.0,0.0,0.0,397.0,1.0
80.0,517.0,328.0,2.7354497354497354,211,1,0.0,0.0,0.0,0.0,0.0,0.0,0.0,0.0,400.0,1.0
80.4,510.0,320.0,2.6842105263157894,212,1,0.0,0.0,0.0,0.0,0.0,0.0,0.0,0.0,402.0,1.0
81.2,497.0,304.0,2.5751295336787563,213,1,0.0,0.0,0.0,0.0,0.0,0.0,0.0,0.0,406.0,1.0
81.0,514.0,320.0,2.649484536082474,211,1,0.0,0.0,0.0,0.0,0.0,0.0,0.0,0.0,405.0,1.0
80.8,498.0,304.0,2.5670103092783507,210,1,0.0,0.0,0.0,0.0,0.0,0.0,0.0,0.0,404.0,1.0
81.0,498.0,304.0,2.5670103092783507,211,1,0.0,0.0,0.0,0.0,0.0,0.0,0.0,0.0,405.0,1.0
81.4,490.0,296.0,2.5257731958762886,213,1,0.0,0.0,0.0,0.0,0.0,0.0,0.0,0.0,407.0,1.0
80.6,496.0,304.0,2.5833333333333335,211,1,0.0,0.0,0.0,0.0,0.0,0.0,0.0,0.0,403.0,1.0
79.6,508.0,320.0,2.702127659574468,210,1,0.0,0.0,0.0,0.0,0.0,0.0,0.0,0.0,398.0,1.0
79.0,522.0,336.0,2.806451612903226,209,1,0.0,0.0,0.0,0.0,0.0,0.0,0.0,0.0,395.0,1.0
77.8,550.0,368.0,3.021978021978022,207,1,0.0,0.0,0.0,0.0,0.0,0.0,0.0,0.0,389.0,1.0
77.4,524.0,344.0,2.911111111111111,207,1,0.0,0.0,0.0,0.0,0.0,0.0,0.0,0.0,387.0,1.0
79.6,496.0,312.0,2.6956521739130435,214,1,0.0,0.0,0.0,0.0,0.0,0.0,0.0,0.0,398.0,1.0
78.4,502.0,320.0,2.758241758241758,210,1,0.0,0.0,0.0,0.0,0.0,0.0,0.0,0.0,392.0,1.0
79.2,498.0,312.0,2.6774193548387095,210,1,0.0,0.0,0.0,0.0,0.0,0.0,0.0,0.0,396.0,1.0
81.0,503.0,312.0,2.6335078534031413,214,1,0.0,0.0,0.0,0.0,0.0,0.0,0.0,0.0,405.0,1.0
80.0,533.0,344.0,2.82010582010582,211,1,0.0,0.0,0.0,0.0,0.0,0.0,0.0,0.0,400.0,1.0
80.2,526.0,336.0,2.768421052631579,211,1,0.0,0.0,0.0,0.0,0.0,0.0,0.0,0.0,401.0,1.0
80.0,559.0,368.0,2.926701570680628,209,1,0.0,0.0,0.0,0.0,0.0,0.0,0.0,0.0,400.0,1.0
78.6,577.0,392.0,3.118918918918919,208,1,0.0,0.0,0.0,0.0,0.0,0.0,0.0,0.0,393.0,1.0
