168.2,255172.0,50512.0,687.7951482479784,470,1,841.0,1.0,0.0,0.0,0.0,0.0,0.0,0.0,0.0,0.0
188.4,299619.0,71594.0,725.4697336561743,529,1,942.0,1.0,0.0,0.0,0.0,0.0,0.0,0.0,0.0,0.0
213.4,356957.0,90076.0,784.5208791208792,612,1,1067.0,1.0,0.0,0.0,0.0,0.0,0.0,0.0,0.0,0.0
198.2,329898.0,87364.0,812.5566502463054,585,1,991.0,1.0,0.0,0.0,0.0,0.0,0.0,0.0,0.0,0.0
173.6,275125.0,75134.0,797.463768115942,523,1,868.0,1.0,0.0,0.0,0.0,0.0,0.0,0.0,0.0,0.0
157.6,246865.0,64438.0,817.433774834437,486,1,788.0,1.0,0.0,0.0,0.0,0.0,0.0,0.0,0.0,0.0
149.0,227262.0,60170.0,811.65,465,1,745.0,1.0,0.0,0.0,0.0,0.0,0.0,0.0,0.0,0.0
155.4,233291.0,63935.0,775.0531561461794,476,1,777.0,1.0,0.0,0.0,0.0,0.0,0.0,0.0,0.0,0.0
165.4,261061.0,70323.0,803.2646153846154,502,1,827.0,1.0,0.0,0.0,0.0,0.0,0.0,0.0,0.0,0.0
158.6,249223.0,67211.0,809.1655844155844,485,1,793.0,1.0,0.0,0.0,0.0,0.0,0.0,0.0,0.0,0.0
165.2,264730.0,71889.0,809.571865443425,499,1,826.0,1.0,0.0,0.0,0.0,0.0,0.0,0.0,0.0,0.0
166.4,269860.0,71981.0,817.7575757575758,502,1,832.0,1.0,0.0,0.0,0.0,0.0,0.0,0.0,0.0,0.0
161.0,255955.0,69523.0,802.3667711598746,486,1,805.0,1.0,0.0,0.0,0.0,0.0,0.0,0.0,0.0,0.0
165.2,265652.0,72635.0,795.3652694610779,492,1,826.0,1.0,0.0,0.0,0.0,0.0,0.0,0.0,0.0,0.0
162.0,261177.0,69967.0,803.6215384615384,485,1,810.0,1.0,0.0,0.0,0.0,0.0,0.0,0.0,0.0,0.0
157.0,257226.0,67844.0,832.4466019417475,476,1,785.0,1.0,0.0,0.0,0.0,0.0,0.0,0.0,0.0,0.0
158.8,258236.0,67796.0,822.4076433121019,480,1,794.0,1.0,0.0,0.0,0.0,0.0,0.0,0.0,0.0,0.0
162.0,265061.0,70001.0,825.7352024922118,489,1,810.0,1.0,0.0,0.0,0.0,0.0,0.0,0.0,0.0,0.0
164.8,266096.0,72273.0,808.8024316109422,495,1,824.0,1.0,0.0,0.0,0.0,0.0,0.0,0.0,0.0,0.0
166.0,265235.0,71879.0,794.1167664670659,496,1,830.0,1.0,0.0,0.0,0.0,0.0,0.0,0.0,0.0,0.0
159.2,256684.0,67539.0,825.3504823151126,485,1,796.0,1.0,0.0,0.0,0.0,0.0,0.0,0.0,0.0,0.0
154.2,241033.0,63810.0,808.8355704697987,473,1,771.0,1.0,0.0,0.0,0.0,0.0,0.0,0.0,0.0,0.0
146.4,225937.0,57725.0,804.0462633451957,451,1,732.0,1.0,0.0,0.0,0.0,0.0,0.0,0.0,0.0,0.0
140.4,208450.0,54105.0,786.6037735849056,437,1,702.0,1.0,0.0,0.0,0.0,0.0,0.0,0.0,0.0,0.0
136.0,190208.0,51980.0,737.2403100775193,422,1,680.0,1.0,0.0,0.0,0.0,0.0,0.0,0.0,0.0,0.0
131.6,183526.0,49736.0,752.155737704918,414,1,658.0,1.0,0.0,0.0,0.0,0.0,0.0,0.0,0.0,0.0
129.6,180498.0,49443.0,774.6695278969958,415,1,648.0,1.0,0.0,0.0,0.0,0.0,0.0,0.0,0.0,0.0
135.2,197421.0,53351.0,799.2753036437247,429,1,676.0,1.0,0.0,0.0,0.0,0.0,0.0,0.0,0.0,0.0
139.4,211753.0,56704.0,823.9416342412451,440,1,697.0,1.0,0.0,0.0,0.0,0.0,0.0,0.0,0.0,0.0
141.8,211554.0,57187.0,789.3805970149253,441,1,709.0,1.0,0.0,0.0,0.0,0.0,0.0,0.0,0.0,0.0
150.0,224978.0,61977.0,760.0608108108108,454,1,750.0,1.0,0.0,0.0,0.0,0.0,0.0,0.0,0.0,0.0
146.8,216817.0,61511.0,755.4599303135889,447,1,734.0,1.0,0.0,0.0,0.0,0.0,0.0,0.0,0.0,0.0
150.0,223644.0,62267.0,763.2901023890785,457,1,750.0,1.0,0.0,0.0,0.0,0.0,0.0,0.0,0.0,0.0
151.4,235222.0,64168.0,802.8054607508533,464,1,757.0,1.0,0.0,0.0,0.0,0.0,0.0,0.0,0.0,0.0
149.2,233037.0,62342.0,820.5528169014085,462,1,746.0,1.0,0.0,0.0,0.0,0.0,0.0,0.0,0.0,0.0
147.8,229663.0,60318.0,814.4078014184397,457,1,739.0,1.0,0.0,0.0,0.0,0.0,0.0,0.0,0.0,0.0
146.2,225424.0,60443.0,807.9713261648745,452,1,731.0,1.0,0.0,0.0,0.0,0.0,0.0,0.0,0.0,0.0
145.6,217681.0,59804.0,785.8519855595667,451,1,728.0,1.0,0.0,0.0,0.0,0.0,0.0,0.0,0.0,0.0
139.6,204664.0,55824.0,790.2084942084942,439,1,698.0,1.0,0.0,0.0,0.0,0.0,0.0,0.0,0.0,0.0
146.0,223230.0,59698.0,808.804347826087,454,1,730.0,1.0,0.0,0.0,0.0,0.0,0.0,0.0,0.0,0.0
133.4,183728.0,46992.0,706.6461538461539,407,1,667.0,1.0,0.0,0.0,0.0,0.0,0.0,0.0,0.0,0.0
119.4,139885.0,33419.0,578.0371900826447,355,1,597.0,1.0,0.0,0.0,0.0,0.0,0.0,0.0,0.0,0.0
105.2,97140.0,20705.0,426.05263157894734,298,1,526.0,1.0,0.0,0.0,0.0,0.0,0.0,0.0,0.0,0.0
85.2,36867.0,4265.0,190.03608247422682,232,1,426.0,1.0,0.0,0.0,0.0,0.0,0.0,0.0,0.0,0.0
79.8,22121.0,232.0,120.87978142076503,216,1,399.0,1.0,0.0,0.0,0.0,0.0,0.0,0.0,0.0,0.0
78.2,25850.0,272.0,142.81767955801104,210,1,391.0,1.0,0.0,0.0,0.0,0.0,0.0,0.0,0.0,0.0
80.6,22236.0,248.0,118.27659574468085,215,1,403.0,1.0,0.0,0.0,0.0,0.0,0.0,0.0,0.0,0.0
80.2,19552.0,388.0,105.11827956989248,215,1,401.0,1.0,0.0,0.0,0.0,0.0,0.0,0.0,0.0,0.0
79.0,21016.0,404.0,116.11049723756906,214,1,395.0,1.0,0.0,0.0,0.0,0.0,0.0,0.0,0.0,0.0
80.6,18717.0,530.0,101.17297297297297,218,1,403.0,1.0,0.0,0.0,0.0,0.0,0.0,0.0,0.0,0.0
79.4,19967.0,546.0,109.10928961748634,214,1,397.0,1.0,0.0,0.0,0.0,0.0,0.0,0.0,0.0,0.0
80.8,22410.0,398.0,121.13513513513513,219,1,404.0,1.0,0.0,0.0,0.0,0.0,0.0,0.0,0.0,0.0
81.6,22702.0,414.0,119.48421052631579,218,1,408.0,1.0,0.0,0.0,0.0,0.0,0.0,0.0,0.0,0.0
81.4,18923.0,248.0,99.59473684210526,217,1,407.0,1.0,0.0,0.0,0.0,0.0,0.0,0.0,0.0,0.0
82.8,16629.0,216.0,86.16062176165804,221,1,414.0,1.0,0.0,0.0,0.0,0.0,0.0,0.0,0.0,0.0
82.4,17243.0,224.0,88.88144329896907,218,1,412.0,1.0,0.0,0.0,0.0,0.0,0.0,0.0,0.0,0.0
83.6,15355.0,208.0,78.34183673469387,222,1,418.0,1.0,0.0,0.0,0.0,0.0,0.0,0.0,0.0,0.0
83.8,15248.0,184.0,78.5979381443299,225,1,419.0,1.0,0.0,0.0,0.0,0.0,0.0,0.0,0.0,0.0
80.6,19563.0,232.0,106.32065217391305,219,1,403.0,1.0,0.0,0.0,0.0,0.0,0.0,0.0,0.0,0.0
80.6,18901.0,224.0,103.28415300546447,220,1,403.0,1.0,0.0,0.0,0.0,0.0,0.0,0.0,0.0,0.0
81.4,19281.0,216.0,104.22162162162162,222,1,407.0,1.0,0.0,0.0,0.0,0.0,0.0,0.0,0.0,0.0
79.8,22574.0,248.0,124.7182320441989,218,1,399.0,1.0,0.0,0.0,0.0,0.0,0.0,0.0,0.0,0.0
80.6,23372.0,240.0,129.12707182320443,222,1,403.0,1.0,0.0,0.0,0.0,0.0,0.0,0.0,0.0,0.0
78.8,26719.0,428.0,152.68,219,1,394.0,1.0,0.0,0.0,0.0,0.0,0.0,0.0,0.0,0.0
76.6,27746.0,444.0,167.14457831325302,217,1,383.0,1.0,0.0,0.0,0.0,0.0,0.0,0.0,0.0,0.0
77.6,25280.0,420.0,150.47619047619048,220,1,388.0,1.0,0.0,0.0,0.0,0.0,0.0,0.0,0.0,0.0
78.8,21132.0,380.0,122.15028901734104,221,1,394.0,1.0,0.0,0.0,0.0,0.0,0.0,0.0,0.0,0.0
82.2,15566.0,168.0,85.52747252747253,229,1,411.0,1.0,0.0,0.0,0.0,0.0,0.0,0.0,0.0,0.0
82.8,15998.0,176.0,85.09574468085107,226,1,414.0,1.0,0.0,0.0,0.0,0.0,0.0,0.0,0.0,0.0
82.6,17687.0,200.0,93.58201058201058,224,1,413.0,1.0,0.0,0.0,0.0,0.0,0.0,0.0,0.0,0.0
81.4,19217.0,402.0,103.87567567567568,222,1,407.0,1.0,0.0,0.0,0.0,0.0,0.0,0.0,0.0,0.0
78.6,18517.0,418.0,104.02808988764045,215,1,393.0,1.0,0.0,0.0,0.0,0.0,0.0,0.0,0.0,0.0
79.8,19030.0,410.0,105.72222222222223,219,1,399.0,1.0,0.0,0.0,0.0,0.0,0.0,0.0,0.0,0.0
79.8,17400.0,402.0,95.6043956043956,217,1,399.0,1.0,0.0,0.0,0.0,0.0,0.0,0.0,0.0,0.0
79.8,19162.0,232.0,105.28571428571429,217,1,399.0,1.0,0.0,0.0,0.0,0.0,0.0,0.0,0.0,0.0
80.0,19419.0,216.0,106.6978021978022,218,1,400.0,1.0,0.0,0.0,0.0,0.0,0.0,0.0,0.0,0.0
78.4,22197.0,248.0,124.70224719101124,214,1,392.0,1.0,0.0,0.0,0.0,0.0,0.0,0.0,0.0,0.0
79.8,21354.0,232.0,118.63333333333334,219,1,399.0,1.0,0.0,0.0,0.0,0.0,0.0,0.0,0.0,0.0
79.4,18322.0,224.0,104.10227272727273,221,1,397.0,1.0,0.0,0.0,0.0,0.0,0.0,0.0,0.0,0.0
79.4,22264.0,272.0,125.07865168539325,219,1,397.0,1.0,0.0,0.0,0.0,0.0,0.0,0.0,0.0,0.0
79.6,17280.0,224.0,98.18181818181819,222,1,398.0,1.0,0.0,0.0,0.0,0.0,0.0,0.0,0.0,0.0
78.4,18143.0,240.0,105.48255813953489,220,1,392.0,1.0,0.0,0.0,0.0,0.0,0.0,0.0,0.0,0.0
77.8,21450.0,264.0,125.43859649122807,218,1,389.0,1.0,0.0,0.0,0.0,0.0,0.0,0.0,0.0,0.0
77.6,16975.0,232.0,101.64670658682634,221,1,388.0,1.0,0.0,0.0,0.0,0.0,0.0,0.0,0.0,0.0
77.4,18714.0,264.0,110.73372781065089,218,1,387.0,1.0,0.0,0.0,0.0,0.0,0.0,0.0,0.0,0.0
77.8,19532.0,272.0,112.90173410404624,216,1,389.0,1.0,0.0,0.0,0.0,0.0,0.0,0.0,0.0,0.0
80.6,18804.0,573.0,105.05027932960894,224,1,403.0,1.0,0.0,0.0,0.0,0.0,0.0,0.0,0.0,0.0
82.4,23250.0,719.0,125.67567567567568,227,1,412.0,1.0,0.0,0.0,0.0,0.0,0.0,0.0,0.0,0.0
83.6,25401.0,867.0,136.56451612903226,232,1,418.0,1.0,0.0,0.0,0.0,0.0,0.0,0.0,0.0,0.0
82.6,25277.0,843.0,139.65193370165747,232,1,413.0,1.0,0.0,0.0,0.0,0.0,0.0,0.0,0.0,0.0
85.0,27380.0,1124.0,144.86772486772486,236,1,425.0,1.0,0.0,0.0,0.0,0.0,0.0,0.0,0.0,0.0
79.0,19507.0,621.0,112.10919540229885,221,1,395.0,1.0,0.0,0.0,0.0,0.0,0.0,0.0,0.0,0.0
78.4,19374.0,644.0,111.34482758620689,218,1,392.0,1.0,0.0,0.0,0.0,0.0,0.0,0.0,0.0,0.0
79.4,14431.0,604.0,82.46285714285715,222,1,397.0,1.0,0.0,0.0,0.0,0.0,0.0,0.0,0.0,0.0
77.0,14062.0,355.0,83.20710059171597,216,1,385.0,1.0,0.0,0.0,0.0,0.0,0.0,0.0,0.0,0.0
79.4,15864.0,384.0,90.13636363636364,221,1,397.0,1.0,0.0,0.0,0.0,0.0,0.0,0.0,0.0,0.0
80.0,12961.0,189.0,73.64204545454545,224,1,400.0,1.0,0.0,0.0,0.0,0.0,0.0,0.0,0.0,0.0
77.8,15982.0,369.0,92.9186046511628,217,1,389.0,1.0,0.0,0.0,0.0,0.0,0.0,0.0,0.0,0.0
78.4,14849.0,353.0,84.36931818181819,216,1,392.0,1.0,0.0,0.0,0.0,0.0,0.0,0.0,0.0,0.0
77.6,16095.0,498.0,92.5,214,1,388.0,1.0,0.0,0.0,0.0,0.0,0.0,0.0,0.0,0.0
77.0,16918.0,506.0,98.93567251461988,214,1,385.0,1.0,0.0,0.0,0.0,0.0,0.0,0.0,0.0,0.0
79.0,17165.0,350.0,97.5284090909091,219,1,395.0,1.0,0.0,0.0,0.0,0.0,0.0,0.0,0.0,0.0
80.2,16201.0,342.0,91.53107344632768,224,1,401.0,1.0,0.0,0.0,0.0,0.0,0.0,0.0,0.0,0.0
81.0,17212.0,184.0,95.0939226519337,224,1,405.0,1.0,0.0,0.0,0.0,0.0,0.0,0.0,0.0,0.0
81.2,19662.0,200.0,105.70967741935483,220,1,406.0,1.0,0.0,0.0,0.0,0.0,0.0,0.0,0.0,0.0
81.8,19743.0,216.0,106.14516129032258,223,1,409.0,1.0,0.0,0.0,0.0,0.0,0.0,0.0,0.0,0.0
80.2,21588.0,232.0,117.9672131147541,218,1,401.0,1.0,0.0,0.0,0.0,0.0,0.0,0.0,0.0,0.0
79.2,21526.0,232.0,119.58888888888889,216,1,396.0,1.0,0.0,0.0,0.0,0.0,0.0,0.0,0.0,0.0
79.8,19679.0,224.0,109.93854748603351,220,1,399.0,1.0,0.0,0.0,0.0,0.0,0.0,0.0,0.0,0.0
78.0,18908.0,224.0,108.04571428571428,215,1,390.0,1.0,0.0,0.0,0.0,0.0,0.0,0.0,0.0,0.0
77.2,18282.0,216.0,108.1775147928994,217,1,386.0,1.0,0.0,0.0,0.0,0.0,0.0,0.0,0.0,0.0
78.4,15718.0,200.0,91.91812865497076,221,1,392.0,1.0,0.0,0.0,0.0,0.0,0.0,0.0,0.0,0.0
79.0,15919.0,192.0,91.48850574712644,221,1,395.0,1.0,0.0,0.0,0.0,0.0,0.0,0.0,0.0,0.0
78.0,15933.0,192.0,94.27810650887574,221,1,390.0,1.0,0.0,0.0,0.0,0.0,0.0,0.0,0.0,0.0
78.2,18373.0,208.0,106.81976744186046,219,1,391.0,1.0,0.0,0.0,0.0,0.0,0.0,0.0,0.0,0.0
77.8,18593.0,216.0,109.37058823529412,219,1,389.0,1.0,0.0,0.0,0.0,0.0,0.0,0.0,0.0,0.0
75.2,17751.0,208.0,111.64150943396227,217,1,376.0,1.0,0.0,0.0,0.0,0.0,0.0,0.0,0.0,0.0