354.4,152776.0,151920.0,178.06060606060606,914,1,0.0,0.0,0.0,0.0,1772.0,1.0,0.0,0.0,0.0,0.0
436.4,214434.0,213381.0,203.64102564102564,1129,1,0.0,0.0,0.0,0.0,2182.0,1.0,0.0,0.0,0.0,0.0
488.2,254192.0,253014.0,215.78268251273346,1263,1,0.0,0.0,0.0,0.0,2441.0,1.0,0.0,0.0,0.0,0.0
474.6,245695.0,244554.0,215.3330411919369,1232,1,0.0,0.0,0.0,0.0,2373.0,1.0,0.0,0.0,0.0,0.0
449.2,233076.0,231997.0,216.01112140871177,1167,1,0.0,0.0,0.0,0.0,2246.0,1.0,0.0,0.0,0.0,0.0
420.4,214537.0,213530.0,213.04568023833167,1095,1,0.0,0.0,0.0,0.0,2102.0,1.0,0.0,0.0,0.0,0.0
419.0,212802.0,211805.0,213.44232698094282,1098,1,0.0,0.0,0.0,0.0,2095.0,1.0,0.0,0.0,0.0,0.0
434.4,219219.0,218187.0,212.42151162790697,1140,1,0.0,0.0,0.0,0.0,2172.0,1.0,0.0,0.0,0.0,0.0
428.6,211525.0,210507.0,207.78487229862475,1125,1,0.0,0.0,0.0,0.0,2143.0,1.0,0.0,0.0,0.0,0.0
340.2,156881.0,156074.0,194.4002478314746,894,1,0.0,0.0,0.0,0.0,1701.0,1.0,0.0,0.0,0.0,0.0
252.0,100638.0,100038.0,167.73,660,1,0.0,0.0,0.0,0.0,1260.0,1.0,0.0,0.0,0.0,0.0
161.0,45462.0,45076.0,117.77720207253886,419,1,0.0,0.0,0.0,0.0,805.0,1.0,0.0,0.0,0.0,0.0
88.0,1787.0,1576.0,8.469194312796208,229,1,0.0,0.0,0.0,0.0,440.0,1.0,0.0,0.0,0.0,0.0
88.8,1764.0,1552.0,8.320754716981131,232,1,0.0,0.0,0.0,0.0,444.0,1.0,0.0,0.0,0.0,0.0
88.0,1788.0,1576.0,8.433962264150944,228,1,0.0,0.0,0.0,0.0,440.0,1.0,0.0,0.0,0.0,0.0
88.2,1780.0,1568.0,8.39622641509434,229,1,0.0,0.0,0.0,0.0,441.0,1.0,0.0,0.0,0.0,0.0
89.6,1799.0,1584.0,8.367441860465116,233,1,0.0,0.0,0.0,0.0,448.0,1.0,0.0,0.0,0.0,0.0
87.8,1770.0,1560.0,8.428571428571429,229,1,0.0,0.0,0.0,0.0,439.0,1.0,0.0,0.0,0.0,0.0
88.8,1730.0,1520.0,8.238095238095237,234,1,0.0,0.0,0.0,0.0,444.0,1.0,0.0,0.0,0.0,0.0
88.6,1720.0,1512.0,8.26923076923077,235,1,0.0,0.0,0.0,0.0,443.0,1.0,0.0,0.0,0.0,0.0
88.2,1685.0,1480.0,8.21951219512195,236,1,0.0,0.0,0.0,0.0,441.0,1.0,0.0,0.0,0.0,0.0
88.6,1703.0,1496.0,8.227053140096618,236,1,0.0,0.0,0.0,0.0,443.0,1.0,0.0,0.0,0.0,0.0
88.8,1755.0,1544.0,8.317535545023697,233,1,0.0,0.0,0.0,0.0,444.0,1.0,0.0,0.0,0.0,0.0
89.2,1732.0,1520.0,8.169811320754716,234,1,0.0,0.0,0.0,0.0,446.0,1.0,0.0,0.0,0.0,0.0
89.8,1777.0,1560.0,8.188940092165899,232,1,0.0,0.0,0.0,0.0,449.0,1.0,0.0,0.0,0.0,0.0
90.2,1803.0,1584.0,8.232876712328768,232,1,0.0,0.0,0.0,0.0,451.0,1.0,0.0,0.0,0.0,0.0
89.6,1775.0,1560.0,8.255813953488373,233,1,0.0,0.0,0.0,0.0,448.0,1.0,0.0,0.0,0.0,0.0
90.2,1809.0,1592.0,8.336405529953916,234,1,0.0,0.0,0.0,0.0,451.0,1.0,0.0,0.0,0.0,0.0
89.8,1790.0,1576.0,8.36448598130841,235,1,0.0,0.0,0.0,0.0,449.0,1.0,0.0,0.0,0.0,0.0
89.8,1772.0,1560.0,8.358490566037736,237,1,0.0,0.0,0.0,0.0,449.0,1.0,0.0,0.0,0.0,0.0
90.4,1792.0,1576.0,8.296296296296296,236,1,0.0,0.0,0.0,0.0,452.0,1.0,0.0,0.0,0.0,0.0
91.4,1803.0,1584.0,8.232876712328768,238,1,0.0,0.0,0.0,0.0,457.0,1.0,0.0,0.0,0.0,0.0
91.6,1787.0,1568.0,8.159817351598173,239,1,0.0,0.0,0.0,0.0,458.0,1.0,0.0,0.0,0.0,0.0
93.0,1816.0,1592.0,8.107142857142858,241,1,0.0,0.0,0.0,0.0,465.0,1.0,0.0,0.0,0.0,0.0
93.8,1826.0,1600.0,8.079646017699115,243,1,0.0,0.0,0.0,0.0,469.0,1.0,0.0,0.0,0.0,0.0
93.8,1818.0,1592.0,8.044247787610619,243,1,0.0,0.0,0.0,0.0,469.0,1.0,0.0,0.0,0.0,0.0
93.2,1825.0,1600.0,8.11111111111111,241,1,0.0,0.0,0.0,0.0,466.0,1.0,0.0,0.0,0.0,0.0
91.6,1780.0,1560.0,8.090909090909092,238,1,0.0,0.0,0.0,0.0,458.0,1.0,0.0,0.0,0.0,0.0
93.0,1801.0,1576.0,8.004444444444445,240,1,0.0,0.0,0.0,0.0,465.0,1.0,0.0,0.0,0.0,0.0
92.6,1776.0,1552.0,7.928571428571429,239,1,0.0,0.0,0.0,0.0,463.0,1.0,0.0,0.0,0.0,0.0
91.0,1738.0,1520.0,7.972477064220183,237,1,0.0,0.0,0.0,0.0,455.0,1.0,0.0,0.0,0.0,0.0
86.4,1643.0,1440.0,8.0935960591133,229,1,0.0,0.0,0.0,0.0,432.0,1.0,0.0,0.0,0.0,0.0
81.8,1558.0,1368.0,8.2,219,1,0.0,0.0,0.0,0.0,409.0,1.0,0.0,0.0,0.0,0.0
81.6,1615.0,1424.0,8.455497382198953,217,1,0.0,0.0,0.0,0.0,408.0,1.0,0.0,0.0,0.0,0.0
81.8,1573.0,1384.0,8.322751322751323,220,1,0.0,0.0,0.0,0.0,409.0,1.0,0.0,0.0,0.0,0.0
85.4,1656.0,1456.0,8.28,227,1,0.0,0.0,0.0,0.0,427.0,1.0,0.0,0.0,0.0,0.0
88.0,1718.0,1512.0,8.339805825242719,234,1,0.0,0.0,0.0,0.0,440.0,1.0,0.0,0.0,0.0,0.0
88.2,1685.0,1480.0,8.21951219512195,236,1,0.0,0.0,0.0,0.0,441.0,1.0,0.0,0.0,0.0,0.0
89.0,1748.0,1536.0,8.245283018867925,233,1,0.0,0.0,0.0,0.0,445.0,1.0,0.0,0.0,0.0,0.0
89.2,1765.0,1552.0,8.286384976525822,233,1,0.0,0.0,0.0,0.0,446.0,1.0,0.0,0.0,0.0,0.0
87.6,1744.0,1536.0,8.384615384615385,230,1,0.0,0.0,0.0,0.0,438.0,1.0,0.0,0.0,0.0,0.0
87.4,1727.0,1520.0,8.342995169082126,230,1,0.0,0.0,0.0,0.0,437.0,1.0,0.0,0.0,0.0,0.0
88.0,1736.0,1528.0,8.346153846153847,232,1,0.0,0.0,0.0,0.0,440.0,1.0,0.0,0.0,0.0,0.0
87.8,1736.0,1528.0,8.346153846153847,231,1,0.0,0.0,0.0,0.0,439.0,1.0,0.0,0.0,0.0,0.0
87.8,1710.0,1504.0,8.300970873786408,233,1,0.0,0.0,0.0,0.0,439.0,1.0,0.0,0.0,0.0,0.0
86.0,1696.0,1496.0,8.48,230,1,0.0,0.0,0.0,0.0,430.0,1.0,0.0,0.0,0.0,0.0
84.6,1693.0,1496.0,8.593908629441625,226,1,0.0,0.0,0.0,0.0,423.0,1.0,0.0,0.0,0.0,0.0
83.0,1629.0,1440.0,8.619047619047619,226,1,0.0,0.0,0.0,0.0,415.0,1.0,0.0,0.0,0.0,0.0
85.0,1694.0,1496.0,8.555555555555555,227,1,0.0,0.0,0.0,0.0,425.0,1.0,0.0,0.0,0.0,0.0
84.8,1701.0,1504.0,8.634517766497462,227,1,0.0,0.0,0.0,0.0,424.0,1.0,0.0,0.0,0.0,0.0
84.8,1684.0,1488.0,8.591836734693878,228,1,0.0,0.0,0.0,0.0,424.0,1.0,0.0,0.0,0.0,0.0
86.8,1748.0,1544.0,8.568627450980392,230,1,0.0,0.0,0.0,0.0,434.0,1.0,0.0,0.0,0.0,0.0
86.4,1731.0,1528.0,8.527093596059114,229,1,0.0,0.0,0.0,0.0,432.0,1.0,0.0,0.0,0.0,0.0
87.0,1700.0,1496.0,8.333333333333334,231,1,0.0,0.0,0.0,0.0,435.0,1.0,0.0,0.0,0.0,0.0
88.0,1761.0,1552.0,8.425837320574162,231,1,0.0,0.0,0.0,0.0,440.0,1.0,0.0,0.0,0.0,0.0
88.4,1745.0,1536.0,8.349282296650717,233,1,0.0,0.0,0.0,0.0,442.0,1.0,0.0,0.0,0.0,0.0
88.0,1727.0,1520.0,8.342995169082126,233,1,0.0,0.0,0.0,0.0,440.0,1.0,0.0,0.0,0.0,0.0
87.4,1758.0,1552.0,8.533980582524272,231,1,0.0,0.0,0.0,0.0,437.0,1.0,0.0,0.0,0.0,0.0
87.4,1716.0,1512.0,8.411764705882353,233,1,0.0,0.0,0.0,0.0,437.0,1.0,0.0,0.0,0.0,0.0
86.8,1723.0,1520.0,8.48768472906404,231,1,0.0,0.0,0.0,0.0,434.0,1.0,0.0,0.0,0.0,0.0
85.0,1684.0,1488.0,8.591836734693878,229,1,0.0,0.0,0.0,0.0,425.0,1.0,0.0,0.0,0.0,0.0
85.8,1662.0,1464.0,8.393939393939394,231,1,0.0,0.0,0.0,0.0,429.0,1.0,0.0,0.0,0.0,0.0
84.0,1641.0,1448.0,8.50259067357513,227,1,0.0,0.0,0.0,0.0,420.0,1.0,0.0,0.0,0.0,0.0
82.8,1582.0,1392.0,8.326315789473684,224,1,0.0,0.0,0.0,0.0,414.0,1.0,0.0,0.0,0.0,0.0
83.6,1627.0,1432.0,8.343589743589744,223,1,0.0,0.0,0.0,0.0,418.0,1.0,0.0,0.0,0.0,0.0
84.4,1671.0,1472.0,8.396984924623116,223,1,0.0,0.0,0.0,0.0,422.0,1.0,0.0,0.0,0.0,0.0
86.4,1692.0,1488.0,8.294117647058824,228,1,0.0,0.0,0.0,0.0,432.0,1.0,0.0,0.0,0.0,0.0
86.8,1717.0,1512.0,8.37560975609756,229,1,0.0,0.0,0.0,0.0,434.0,1.0,0.0,0.0,0.0,0.0
86.6,1690.0,1488.0,8.366336633663366,231,1,0.0,0.0,0.0,0.0,433.0,1.0,0.0,0.0,0.0,0.0
86.0,1671.0,1472.0,8.396984924623116,231,1,0.0,0.0,0.0,0.0,430.0,1.0,0.0,0.0,0.0,0.0
85.0,1685.0,1488.0,8.553299492385786,228,1,0.0,0.0,0.0,0.0,425.0,1.0,0.0,0.0,0.0,0.0
85.8,1687.0,1488.0,8.477386934673367,230,1,0.0,0.0,0.0,0.0,429.0,1.0,0.0,0.0,0.0,0.0
87.6,1717.0,1512.0,8.37560975609756,233,1,0.0,0.0,0.0,0.0,438.0,1.0,0.0,0.0,0.0,0.0
88.8,1713.0,1504.0,8.196172248803828,235,1,0.0,0.0,0.0,0.0,444.0,1.0,0.0,0.0,0.0,0.0
88.0,1695.0,1488.0,8.18840579710145,233,1,0.0,0.0,0.0,0.0,440.0,1.0,0.0,0.0,0.0,0.0
88.0,1719.0,1512.0,8.304347826086957,233,1,0.0,0.0,0.0,0.0,440.0,1.0,0.0,0.0,0.0,0.0
87.2,1700.0,1496.0,8.333333333333334,232,1,0.0,0.0,0.0,0.0,436.0,1.0,0.0,0.0,0.0,0.0
85.6,1696.0,1496.0,8.48,228,1,0.0,0.0,0.0,0.0,428.0,1.0,0.0,0.0,0.0,0.0
87.6,1709.0,1504.0,8.336585365853658,233,1,0.0,0.0,0.0,0.0,438.0,1.0,0.0,0.0,0.0,0.0
89.4,1704.0,1496.0,8.192307692307692,239,1,0.0,0.0,0.0,0.0,447.0,1.0,0.0,0.0,0.0,0.0
88.8,1728.0,1520.0,8.307692307692308,236,1,0.0,0.0,0.0,0.0,444.0,1.0,0.0,0.0,0.0,0.0
88.6,1651.0,1448.0,8.133004926108374,240,1,0.0,0.0,0.0,0.0,443.0,1.0,0.0,0.0,0.0,0.0
86.8,1579.0,1384.0,8.097435897435897,239,1,0.0,0.0,0.0,0.0,434.0,1.0,0.0,0.0,0.0,0.0
85.0,1584.0,1392.0,8.25,233,1,0.0,0.0,0.0,0.0,425.0,1.0,0.0,0.0,0.0,0.0
85.4,1585.0,1392.0,8.212435233160623,234,1,0.0,0.0,0.0,0.0,427.0,1.0,0.0,0.0,0.0,0.0
86.6,1646.0,1448.0,8.313131313131313,235,1,0.0,0.0,0.0,0.0,433.0,1.0,0.0,0.0,0.0,0.0
88.4,1719.0,1512.0,8.304347826086957,235,1,0.0,0.0,0.0,0.0,442.0,1.0,0.0,0.0,0.0,0.0
88.6,1703.0,1496.0,8.227053140096618,236,1,0.0,0.0,0.0,0.0,443.0,1.0,0.0,0.0,0.0,0.0
89.0,1696.0,1488.0,8.153846153846153,237,1,0.0,0.0,0.0,0.0,445.0,1.0,0.0,0.0,0.0,0.0
88.4,1662.0,1456.0,8.067961165048544,236,1,0.0,0.0,0.0,0.0,442.0,1.0,0.0,0.0,0.0,0.0
89.0,1656.0,1448.0,7.961538461538462,237,1,0.0,0.0,0.0,0.0,445.0,1.0,0.0,0.0,0.0,0.0
89.6,1656.0,1448.0,7.961538461538462,240,1,0.0,0.0,0.0,0.0,448.0,1.0,0.0,0.0,0.0,0.0
90.4,1691.0,1480.0,8.014218009478673,241,1,0.0,0.0,0.0,0.0,452.0,1.0,0.0,0.0,0.0,0.0
89.6,1714.0,1504.0,8.161904761904761,238,1,0.0,0.0,0.0,0.0,448.0,1.0,0.0,0.0,0.0,0.0
88.4,1692.0,1488.0,8.294117647058824,238,1,0.0,0.0,0.0,0.0,442.0,1.0,0.0,0.0,0.0,0.0
88.6,1711.0,1504.0,8.265700483091788,236,1,0.0,0.0,0.0,0.0,443.0,1.0,0.0,0.0,0.0,0.0
88.2,1660.0,1456.0,8.137254901960784,237,1,0.0,0.0,0.0,0.0,441.0,1.0,0.0,0.0,0.0,0.0
89.2,1688.0,1480.0,8.115384615384615,238,1,0.0,0.0,0.0,0.0,446.0,1.0,0.0,0.0,0.0,0.0
87.8,1684.0,1480.0,8.254901960784315,235,1,0.0,0.0,0.0,0.0,439.0,1.0,0.0,0.0,0.0,0.0
87.8,1709.0,1504.0,8.336585365853658,234,1,0.0,0.0,0.0,0.0,439.0,1.0,0.0,0.0,0.0,0.0
87.0,1681.0,1480.0,8.36318407960199,234,1,0.0,0.0,0.0,0.0,435.0,1.0,0.0,0.0,0.0,0.0
85.0,1642.0,1448.0,8.463917525773196,231,1,0.0,0.0,0.0,0.0,425.0,1.0,0.0,0.0,0.0,0.0
86.2,1638.0,1440.0,8.272727272727273,233,1,0.0,0.0,0.0,0.0,431.0,1.0,0.0,0.0,0.0,0.0
85.0,1610.0,1416.0,8.29896907216495,231,1,0.0,0.0,0.0,0.0,425.0,1.0,0.0,0.0,0.0,0.0
85.2,1628.0,1432.0,8.306122448979592,230,1,0.0,0.0,0.0,0.0,426.0,1.0,0.0,0.0,0.0,0.0
86.4,1639.0,1440.0,8.236180904522612,233,1,0.0,0.0,0.0,0.0,432.0,1.0,0.0,0.0,0.0,0.0
86.0,1687.0,1488.0,8.477386934673367,231,1,0.0,0.0,0.0,0.0,430.0,1.0,0.0,0.0,0.0,0.0
