235.8,8642.0,8642.0,16.587332053742802,473,1,0.0,0.0,0.0,0.0,0.0,0.0,0.0,0.0,1179.0,1.0
218.2,4851.0,4851.0,10.022727272727273,443,1,0.0,0.0,0.0,0.0,0.0,0.0,0.0,0.0,1091.0,1.0
228.4,5104.0,5104.0,10.06706114398422,466,1,0.0,0.0,0.0,0.0,0.0,0.0,0.0,0.0,1142.0,1.0
231.2,5126.0,5126.0,9.953398058252427,468,1,0.0,0.0,0.0,0.0,0.0,0.0,0.0,0.0,1156.0,1.0
237.0,5313.0,5313.0,9.986842105263158,481,1,0.0,0.0,0.0,0.0,0.0,0.0,0.0,0.0,1185.0,1.0
237.0,5401.0,5401.0,10.057728119180632,489,1,0.0,0.0,0.0,0.0,0.0,0.0,0.0,0.0,1185.0,1.0
223.4,5060.0,5060.0,10.12,462,1,0.0,0.0,0.0,0.0,0.0,0.0,0.0,0.0,1117.0,1.0
221.6,5126.0,5126.0,10.313883299798793,467,1,0.0,0.0,0.0,0.0,0.0,0.0,0.0,0.0,1108.0,1.0
222.0,4950.0,4950.0,10.060975609756097,451,1,0.0,0.0,0.0,0.0,0.0,0.0,0.0,0.0,1110.0,1.0
230.8,5049.0,5049.0,9.9,459,1,0.0,0.0,0.0,0.0,0.0,0.0,0.0,0.0,1154.0,1.0
244.4,5335.0,5335.0,9.806985294117647,487,1,0.0,0.0,0.0,0.0,0.0,0.0,0.0,0.0,1222.0,1.0
237.6,4994.0,4994.0,9.567049808429118,458,1,0.0,0.0,0.0,0.0,0.0,0.0,0.0,0.0,1188.0,1.0
227.4,4829.0,4829.0,9.600397614314115,442,1,0.0,0.0,0.0,0.0,0.0,0.0,0.0,0.0,1137.0,1.0
217.6,4631.0,4631.0,9.749473684210527,424,1,0.0,0.0,0.0,0.0,0.0,0.0,0.0,0.0,1088.0,1.0
214.2,4510.0,4510.0,9.761904761904763,413,1,0.0,0.0,0.0,0.0,0.0,0.0,0.0,0.0,1071.0,1.0
220.2,4664.0,4664.0,9.94456289978678,426,1,0.0,0.0,0.0,0.0,0.0,0.0,0.0,0.0,1101.0,1.0
227.0,4851.0,4851.0,10.022727272727273,441,1,0.0,0.0,0.0,0.0,0.0,0.0,0.0,0.0,1135.0,1.0
222.6,4730.0,4730.0,10.085287846481876,433,1,0.0,0.0,0.0,0.0,0.0,0.0,0.0,0.0,1113.0,1.0
213.0,4587.0,4587.0,10.377828054298643,420,1,0.0,0.0,0.0,0.0,0.0,0.0,0.0,0.0,1065.0,1.0
210.0,4477.0,4477.0,10.198177676537586,409,1,0.0,0.0,0.0,0.0,0.0,0.0,0.0,0.0,1050.0,1.0
213.0,4477.0,4477.0,10.198177676537586,408,1,0.0,0.0,0.0,0.0,0.0,0.0,0.0,0.0,1065.0,1.0
211.0,4367.0,4367.0,10.108796296296296,399,1,0.0,0.0,0.0,0.0,0.0,0.0,0.0,0.0,1055.0,1.0
213.0,4422.0,4422.0,9.937078651685393,400,1,0.0,0.0,0.0,0.0,0.0,0.0,0.0,0.0,1065.0,1.0
215.8,4521.0,4521.0,9.84967320261438,411,1,0.0,0.0,0.0,0.0,0.0,0.0,0.0,0.0,1079.0,1.0
213.2,4499.0,4499.0,9.780434782608696,413,1,0.0,0.0,0.0,0.0,0.0,0.0,0.0,0.0,1066.0,1.0
224.0,4851.0,4851.0,9.78024193548387,442,1,0.0,0.0,0.0,0.0,0.0,0.0,0.0,0.0,1120.0,1.0
232.6,5137.0,5137.0,9.936170212765957,470,1,0.0,0.0,0.0,0.0,0.0,0.0,0.0,0.0,1163.0,1.0
225.4,4917.0,4917.0,9.913306451612904,450,1,0.0,0.0,0.0,0.0,0.0,0.0,0.0,0.0,1127.0,1.0
224.2,4939.0,4939.0,9.937625754527163,451,1,0.0,0.0,0.0,0.0,0.0,0.0,0.0,0.0,1121.0,1.0
219.6,4840.0,4840.0,10.0,443,1,0.0,0.0,0.0,0.0,0.0,0.0,0.0,0.0,1098.0,1.0
214.4,4620.0,4620.0,9.746835443037975,419,1,0.0,0.0,0.0,0.0,0.0,0.0,0.0,0.0,1072.0,1.0
223.8,4928.0,4928.0,9.875751503006011,449,1,0.0,0.0,0.0,0.0,0.0,0.0,0.0,0.0,1119.0,1.0
234.2,5126.0,5126.0,9.80114722753346,467,1,0.0,0.0,0.0,0.0,0.0,0.0,0.0,0.0,1171.0,1.0
234.6,5181.0,5181.0,9.925287356321839,474,1,0.0,0.0,0.0,0.0,0.0,0.0,0.0,0.0,1173.0,1.0
237.2,5313.0,5313.0,10.100760456273765,485,1,0.0,0.0,0.0,0.0,0.0,0.0,0.0,0.0,1186.0,1.0
237.2,5324.0,5324.0,10.16030534351145,487,1,0.0,0.0,0.0,0.0,0.0,0.0,0.0,0.0,1186.0,1.0
222.4,5049.0,5049.0,10.346311475409836,460,1,0.0,0.0,0.0,0.0,0.0,0.0,0.0,0.0,1112.0,1.0
225.8,5126.0,5126.0,10.334677419354838,467,1,0.0,0.0,0.0,0.0,0.0,0.0,0.0,0.0,1129.0,1.0
228.2,5104.0,5104.0,10.167330677290837,468,1,0.0,0.0,0.0,0.0,0.0,0.0,0.0,0.0,1141.0,1.0
224.6,5016.0,5016.0,10.133333333333333,457,1,0.0,0.0,0.0,0.0,0.0,0.0,0.0,0.0,1123.0,1.0
239.4,5390.0,5390.0,10.131578947368421,491,1,0.0,0.0,0.0,0.0,0.0,0.0,0.0,0.0,1197.0,1.0
236.6,5225.0,5225.0,9.952380952380953,477,1,0.0,0.0,0.0,0.0,0.0,0.0,0.0,0.0,1183.0,1.0
229.4,5049.0,5049.0,9.958579881656805,462,1,0.0,0.0,0.0,0.0,0.0,0.0,0.0,0.0,1147.0,1.0
234.0,5148.0,5148.0,10.01556420233463,471,1,0.0,0.0,0.0,0.0,0.0,0.0,0.0,0.0,1170.0,1.0
227.0,4906.0,4906.0,9.931174089068826,449,1,0.0,0.0,0.0,0.0,0.0,0.0,0.0,0.0,1135.0,1.0
221.6,4796.0,4796.0,9.991666666666667,439,1,0.0,0.0,0.0,0.0,0.0,0.0,0.0,0.0,1108.0,1.0
218.0,4730.0,4730.0,10.042462845010617,432,1,0.0,0.0,0.0,0.0,0.0,0.0,0.0,0.0,1090.0,1.0
218.8,4752.0,4752.0,9.94142259414226,433,1,0.0,0.0,0.0,0.0,0.0,0.0,0.0,0.0,1094.0,1.0
214.8,4609.0,4609.0,9.723628691983123,418,1,0.0,0.0,0.0,0.0,0.0,0.0,0.0,0.0,1074.0,1.0
217.0,4741.0,4741.0,9.877083333333333,431,1,0.0,0.0,0.0,0.0,0.0,0.0,0.0,0.0,1085.0,1.0
236.4,5192.0,5192.0,9.79622641509434,473,1,0.0,0.0,0.0,0.0,0.0,0.0,0.0,0.0,1182.0,1.0
233.6,5104.0,5104.0,9.853281853281853,462,1,0.0,0.0,0.0,0.0,0.0,0.0,0.0,0.0,1168.0,1.0
229.8,5082.0,5082.0,10.023668639053254,459,1,0.0,0.0,0.0,0.0,0.0,0.0,0.0,0.0,1149.0,1.0
224.4,4840.0,4840.0,9.777777777777779,440,1,0.0,0.0,0.0,0.0,0.0,0.0,0.0,0.0,1122.0,1.0
228.4,4950.0,4950.0,9.939759036144578,449,1,0.0,0.0,0.0,0.0,0.0,0.0,0.0,0.0,1142.0,1.0
220.8,4851.0,4851.0,9.960985626283367,442,1,0.0,0.0,0.0,0.0,0.0,0.0,0.0,0.0,1104.0,1.0
229.2,5038.0,5038.0,10.076,460,1,0.0,0.0,0.0,0.0,0.0,0.0,0.0,0.0,1146.0,1.0
237.8,5258.0,5258.0,10.053537284894837,479,1,0.0,0.0,0.0,0.0,0.0,0.0,0.0,0.0,1189.0,1.0
218.6,4785.0,4785.0,9.96875,438,1,0.0,0.0,0.0,0.0,0.0,0.0,0.0,0.0,1093.0,1.0
226.8,4928.0,4928.0,9.995943204868155,449,1,0.0,0.0,0.0,0.0,0.0,0.0,0.0,0.0,1134.0,1.0
227.4,4895.0,4895.0,9.908906882591094,446,1,0.0,0.0,0.0,0.0,0.0,0.0,0.0,0.0,1137.0,1.0
227.6,4730.0,4730.0,9.772727272727273,435,1,0.0,0.0,0.0,0.0,0.0,0.0,0.0,0.0,1138.0,1.0
235.6,4972.0,4972.0,9.78740157480315,452,1,0.0,0.0,0.0,0.0,0.0,0.0,0.0,0.0,1178.0,1.0
237.6,5049.0,5049.0,9.709615384615384,457,1,0.0,0.0,0.0,0.0,0.0,0.0,0.0,0.0,1188.0,1.0
232.2,4994.0,4994.0,9.75390625,455,1,0.0,0.0,0.0,0.0,0.0,0.0,0.0,0.0,1161.0,1.0
229.4,5005.0,5005.0,9.871794871794872,458,1,0.0,0.0,0.0,0.0,0.0,0.0,0.0,0.0,1147.0,1.0
221.6,4818.0,4818.0,9.893223819301848,440,1,0.0,0.0,0.0,0.0,0.0,0.0,0.0,0.0,1108.0,1.0
215.4,4631.0,4631.0,9.853191489361702,421,1,0.0,0.0,0.0,0.0,0.0,0.0,0.0,0.0,1077.0,1.0
219.4,4719.0,4719.0,9.851774530271399,431,1,0.0,0.0,0.0,0.0,0.0,0.0,0.0,0.0,1097.0,1.0
228.6,4994.0,4994.0,9.869565217391305,453,1,0.0,0.0,0.0,0.0,0.0,0.0,0.0,0.0,1143.0,1.0
230.8,4972.0,4972.0,9.78740157480315,453,1,0.0,0.0,0.0,0.0,0.0,0.0,0.0,0.0,1154.0,1.0
224.6,4796.0,4796.0,9.888659793814433,438,1,0.0,0.0,0.0,0.0,0.0,0.0,0.0,0.0,1123.0,1.0
214.4,4422.0,4422.0,9.61304347826087,404,1,0.0,0.0,0.0,0.0,0.0,0.0,0.0,0.0,1072.0,1.0
200.6,4081.0,4081.0,9.670616113744076,373,1,0.0,0.0,0.0,0.0,0.0,0.0,0.0,0.0,1003.0,1.0
203.6,4213.0,4213.0,9.752314814814815,384,1,0.0,0.0,0.0,0.0,0.0,0.0,0.0,0.0,1018.0,1.0
212.6,4378.0,4378.0,9.621978021978022,401,1,0.0,0.0,0.0,0.0,0.0,0.0,0.0,0.0,1063.0,1.0
211.0,4411.0,4411.0,9.934684684684685,401,1,0.0,0.0,0.0,0.0,0.0,0.0,0.0,0.0,1055.0,1.0
222.6,4675.0,4675.0,9.904661016949152,427,1,0.0,0.0,0.0,0.0,0.0,0.0,0.0,0.0,1113.0,1.0
218.4,4565.0,4565.0,9.923913043478262,416,1,0.0,0.0,0.0,0.0,0.0,0.0,0.0,0.0,1092.0,1.0
230.8,5038.0,5038.0,10.19838056680162,461,1,0.0,0.0,0.0,0.0,0.0,0.0,0.0,0.0,1154.0,1.0
243.6,5346.0,5346.0,10.048872180451127,491,1,0.0,0.0,0.0,0.0,0.0,0.0,0.0,0.0,1218.0,1.0
240.6,5324.0,5324.0,10.007518796992482,485,1,0.0,0.0,0.0,0.0,0.0,0.0,0.0,0.0,1203.0,1.0
245.6,5544.0,5544.0,10.043478260869565,504,1,0.0,0.0,0.0,0.0,0.0,0.0,0.0,0.0,1228.0,1.0
241.8,5368.0,5368.0,9.867647058823529,487,1,0.0,0.0,0.0,0.0,0.0,0.0,0.0,0.0,1209.0,1.0
232.8,5236.0,5236.0,9.954372623574145,476,1,0.0,0.0,0.0,0.0,0.0,0.0,0.0,0.0,1164.0,1.0
236.0,5269.0,5269.0,9.941509433962263,479,1,0.0,0.0,0.0,0.0,0.0,0.0,0.0,0.0,1180.0,1.0
232.0,5137.0,5137.0,9.897880539499036,469,1,0.0,0.0,0.0,0.0,0.0,0.0,0.0,0.0,1160.0,1.0
229.2,5115.0,5115.0,10.009784735812133,466,1,0.0,0.0,0.0,0.0,0.0,0.0,0.0,0.0,1146.0,1.0
228.0,5115.0,5115.0,10.049115913555992,466,1,0.0,0.0,0.0,0.0,0.0,0.0,0.0,0.0,1140.0,1.0
230.8,5148.0,5148.0,10.0546875,470,1,0.0,0.0,0.0,0.0,0.0,0.0,0.0,0.0,1154.0,1.0
230.4,5016.0,5016.0,9.893491124260356,458,1,0.0,0.0,0.0,0.0,0.0,0.0,0.0,0.0,1152.0,1.0
231.0,4939.0,4939.0,9.627680311890838,453,1,0.0,0.0,0.0,0.0,0.0,0.0,0.0,0.0,1155.0,1.0
235.0,4950.0,4950.0,9.53757225433526,451,1,0.0,0.0,0.0,0.0,0.0,0.0,0.0,0.0,1175.0,1.0
235.8,5093.0,5093.0,9.664136622390892,465,1,0.0,0.0,0.0,0.0,0.0,0.0,0.0,0.0,1179.0,1.0
233.2,5038.0,5038.0,9.688461538461539,460,1,0.0,0.0,0.0,0.0,0.0,0.0,0.0,0.0,1166.0,1.0
225.4,4983.0,4983.0,9.828402366863905,454,1,0.0,0.0,0.0,0.0,0.0,0.0,0.0,0.0,1127.0,1.0
217.6,4719.0,4719.0,9.729896907216494,429,1,0.0,0.0,0.0,0.0,0.0,0.0,0.0,0.0,1088.0,1.0
220.4,4708.0,4708.0,9.727272727272727,431,1,0.0,0.0,0.0,0.0,0.0,0.0,0.0,0.0,1102.0,1.0
218.4,4708.0,4708.0,9.932489451476794,430,1,0.0,0.0,0.0,0.0,0.0,0.0,0.0,0.0,1092.0,1.0
218.8,4653.0,4653.0,9.984978540772532,423,1,0.0,0.0,0.0,0.0,0.0,0.0,0.0,0.0,1094.0,1.0
225.2,4906.0,4906.0,10.136363636363637,447,1,0.0,0.0,0.0,0.0,0.0,0.0,0.0,0.0,1126.0,1.0
217.2,4631.0,4631.0,9.959139784946236,422,1,0.0,0.0,0.0,0.0,0.0,0.0,0.0,0.0,1086.0,1.0
221.6,4807.0,4807.0,10.014583333333333,440,1,0.0,0.0,0.0,0.0,0.0,0.0,0.0,0.0,1108.0,1.0
231.0,5071.0,5071.0,9.943137254901961,463,1,0.0,0.0,0.0,0.0,0.0,0.0,0.0,0.0,1155.0,1.0
235.8,5280.0,5280.0,10.095602294455066,482,1,0.0,0.0,0.0,0.0,0.0,0.0,0.0,0.0,1179.0,1.0
235.4,5390.0,5390.0,10.305927342256215,491,1,0.0,0.0,0.0,0.0,0.0,0.0,0.0,0.0,1177.0,1.0
241.8,5478.0,5478.0,10.088397790055248,495,1,0.0,0.0,0.0,0.0,0.0,0.0,0.0,0.0,1209.0,1.0
229.0,5192.0,5192.0,10.26086956521739,473,1,0.0,0.0,0.0,0.0,0.0,0.0,0.0,0.0,1145.0,1.0
221.6,4939.0,4939.0,10.183505154639175,450,1,0.0,0.0,0.0,0.0,0.0,0.0,0.0,0.0,1108.0,1.0
220.8,4895.0,4895.0,10.134575569358178,444,1,0.0,0.0,0.0,0.0,0.0,0.0,0.0,0.0,1104.0,1.0
211.4,4752.0,4752.0,10.330434782608696,433,1,0.0,0.0,0.0,0.0,0.0,0.0,0.0,0.0,1057.0,1.0
206.4,4543.0,4543.0,10.255079006772009,414,1,0.0,0.0,0.0,0.0,0.0,0.0,0.0,0.0,1032.0,1.0
213.0,4686.0,4686.0,10.231441048034934,426,1,0.0,0.0,0.0,0.0,0.0,0.0,0.0,0.0,1065.0,1.0
211.8,4565.0,4565.0,10.144444444444444,416,1,0.0,0.0,0.0,0.0,0.0,0.0,0.0,0.0,1059.0,1.0
216.0,4554.0,4554.0,9.943231441048034,411,1,0.0,0.0,0.0,0.0,0.0,0.0,0.0,0.0,1080.0,1.0
212.8,4466.0,4466.0,9.837004405286343,407,1,0.0,0.0,0.0,0.0,0.0,0.0,0.0,0.0,1064.0,1.0
214.6,4488.0,4488.0,9.799126637554584,409,1,0.0,0.0,0.0,0.0,0.0,0.0,0.0,0.0,1073.0,1.0
218.6,4785.0,4785.0,9.96875,434,1,0.0,0.0,0.0,0.0,0.0,0.0,0.0,0.0,1093.0,1.0
211.6,4763.0,4763.0,10.13404255319149,434,1,0.0,0.0,0.0,0.0,0.0,0.0,0.0,0.0,1058.0,1.0
224.4,5016.0,5016.0,10.153846153846153,459,1,0.0,0.0,0.0,0.0,0.0,0.0,0.0,0.0,1122.0,1.0
219.2,4884.0,4884.0,10.175,448,1,0.0,0.0,0.0,0.0,0.0,0.0,0.0,0.0,1096.0,1.0
219.0,4840.0,4840.0,10.189473684210526,443,1,0.0,0.0,0.0,0.0,0.0,0.0,0.0,0.0,1095.0,1.0
226.2,5038.0,5038.0,10.239837398373984,458,1,0.0,0.0,0.0,0.0,0.0,0.0,0.0,0.0,1131.0,1.0
218.6,4950.0,4950.0,10.248447204968944,452,1,0.0,0.0,0.0,0.0,0.0,0.0,0.0,0.0,1093.0,1.0
225.0,5148.0,5148.0,10.296,470,1,0.0,0.0,0.0,0.0,0.0,0.0,0.0,0.0,1125.0,1.0
222.8,5137.0,5137.0,10.294589178356713,467,1,0.0,0.0,0.0,0.0,0.0,0.0,0.0,0.0,1114.0,1.0
225.2,5126.0,5126.0,10.231536926147704,466,1,0.0,0.0,0.0,0.0,0.0,0.0,0.0,0.0,1126.0,1.0
230.2,5170.0,5170.0,10.09765625,471,1,0.0,0.0,0.0,0.0,0.0,0.0,0.0,0.0,1151.0,1.0
222.6,4917.0,4917.0,9.933333333333334,449,1,0.0,0.0,0.0,0.0,0.0,0.0,0.0,0.0,1113.0,1.0
222.2,4807.0,4807.0,9.911340206185567,440,1,0.0,0.0,0.0,0.0,0.0,0.0,0.0,0.0,1111.0,1.0
224.6,4796.0,4796.0,9.827868852459016,436,1,0.0,0.0,0.0,0.0,0.0,0.0,0.0,0.0,1123.0,1.0
213.2,4631.0,4631.0,9.959139784946236,422,1,0.0,0.0,0.0,0.0,0.0,0.0,0.0,0.0,1066.0,1.0
214.0,4807.0,4807.0,10.162790697674419,438,1,0.0,0.0,0.0,0.0,0.0,0.0,0.0,0.0,1070.0,1.0
213.6,4884.0,4884.0,10.175,444,1,0.0,0.0,0.0,0.0,0.0,0.0,0.0,0.0,1068.0,1.0
195.6,4543.0,4543.0,10.301587301587302,416,1,0.0,0.0,0.0,0.0,0.0,0.0,0.0,0.0,978.0,1.0
206.8,4807.0,4807.0,10.359913793103448,439,1,0.0,0.0,0.0,0.0,0.0,0.0,0.0,0.0,1034.0,1.0
209.4,4829.0,4829.0,10.340471092077088,440,1,0.0,0.0,0.0,0.0,0.0,0.0,0.0,0.0,1047.0,1.0
214.8,4972.0,4972.0,10.358333333333333,452,1,0.0,0.0,0.0,0.0,0.0,0.0,0.0,0.0,1074.0,1.0
227.4,5302.0,5302.0,10.335282651072125,483,1,0.0,0.0,0.0,0.0,0.0,0.0,0.0,0.0,1137.0,1.0
229.6,5379.0,5379.0,10.284894837476099,487,1,0.0,0.0,0.0,0.0,0.0,0.0,0.0,0.0,1148.0,1.0
223.0,5203.0,5203.0,10.26232741617357,475,1,0.0,0.0,0.0,0.0,0.0,0.0,0.0,0.0,1115.0,1.0
220.4,5104.0,5104.0,10.228456913827655,465,1,0.0,0.0,0.0,0.0,0.0,0.0,0.0,0.0,1102.0,1.0
220.0,5082.0,5082.0,10.266666666666667,464,1,0.0,0.0,0.0,0.0,0.0,0.0,0.0,0.0,1100.0,1.0
227.4,5236.0,5236.0,10.2265625,478,1,0.0,0.0,0.0,0.0,0.0,0.0,0.0,0.0,1137.0,1.0
235.6,5478.0,5478.0,10.239252336448597,498,1,0.0,0.0,0.0,0.0,0.0,0.0,0.0,0.0,1178.0,1.0
229.2,5434.0,5434.0,10.35047619047619,495,1,0.0,0.0,0.0,0.0,0.0,0.0,0.0,0.0,1146.0,1.0
233.2,5566.0,5566.0,10.288354898336413,508,1,0.0,0.0,0.0,0.0,0.0,0.0,0.0,0.0,1166.0,1.0
221.2,5291.0,5291.0,10.333984375,480,1,0.0,0.0,0.0,0.0,0.0,0.0,0.0,0.0,1106.0,1.0
218.2,5203.0,5203.0,10.364541832669323,474,1,0.0,0.0,0.0,0.0,0.0,0.0,0.0,0.0,1091.0,1.0
227.2,5346.0,5346.0,10.300578034682081,489,1,0.0,0.0,0.0,0.0,0.0,0.0,0.0,0.0,1136.0,1.0
219.6,5170.0,5170.0,10.34,474,1,0.0,0.0,0.0,0.0,0.0,0.0,0.0,0.0,1098.0,1.0
223.2,5258.0,5258.0,10.309803921568628,478,1,0.0,0.0,0.0,0.0,0.0,0.0,0.0,0.0,1116.0,1.0
216.2,5038.0,5038.0,10.260692464358453,458,1,0.0,0.0,0.0,0.0,0.0,0.0,0.0,0.0,1081.0,1.0
218.2,5115.0,5115.0,10.271084337349398,469,1,0.0,0.0,0.0,0.0,0.0,0.0,0.0,0.0,1091.0,1.0
223.2,5236.0,5236.0,10.266666666666667,479,1,0.0,0.0,0.0,0.0,0.0,0.0,0.0,0.0,1116.0,1.0
226.8,5401.0,5401.0,10.346743295019158,493,1,0.0,0.0,0.0,0.0,0.0,0.0,0.0,0.0,1134.0,1.0
239.4,5753.0,5753.0,10.310035842293907,524,1,0.0,0.0,0.0,0.0,0.0,0.0,0.0,0.0,1197.0,1.0
239.6,5731.0,5731.0,10.270609318996415,520,1,0.0,0.0,0.0,0.0,0.0,0.0,0.0,0.0,1198.0,1.0
235.4,5610.0,5610.0,10.274725274725276,514,1,0.0,0.0,0.0,0.0,0.0,0.0,0.0,0.0,1177.0,1.0
233.8,5588.0,5588.0,10.32902033271719,508,1,0.0,0.0,0.0,0.0,0.0,0.0,0.0,0.0,1169.0,1.0
228.0,5456.0,5456.0,10.432122370936902,494,1,0.0,0.0,0.0,0.0,0.0,0.0,0.0,0.0,1140.0,1.0
229.0,5401.0,5401.0,10.366602687140116,492,1,0.0,0.0,0.0,0.0,0.0,0.0,0.0,0.0,1145.0,1.0
235.6,5621.0,5621.0,10.428571428571429,513,1,0.0,0.0,0.0,0.0,0.0,0.0,0.0,0.0,1178.0,1.0
232.0,5478.0,5478.0,10.35538752362949,500,1,0.0,0.0,0.0,0.0,0.0,0.0,0.0,0.0,1160.0,1.0
233.2,5511.0,5511.0,10.359022556390977,503,1,0.0,0.0,0.0,0.0,0.0,0.0,0.0,0.0,1166.0,1.0
227.2,5412.0,5412.0,10.367816091954023,494,1,0.0,0.0,0.0,0.0,0.0,0.0,0.0,0.0,1136.0,1.0
218.6,5148.0,5148.0,10.35814889336016,470,1,0.0,0.0,0.0,0.0,0.0,0.0,0.0,0.0,1093.0,1.0
219.0,5214.0,5214.0,10.407185628742514,474,1,0.0,0.0,0.0,0.0,0.0,0.0,0.0,0.0,1095.0,1.0
219.6,5225.0,5225.0,10.367063492063492,476,1,0.0,0.0,0.0,0.0,0.0,0.0,0.0,0.0,1098.0,1.0
224.6,5203.0,5203.0,10.142300194931774,475,1,0.0,0.0,0.0,0.0,0.0,0.0,0.0,0.0,1123.0,1.0
236.8,5291.0,5291.0,9.74401473296501,484,1,0.0,0.0,0.0,0.0,0.0,0.0,0.0,0.0,1184.0,1.0
243.0,5478.0,5478.0,9.79964221824687,500,1,0.0,0.0,0.0,0.0,0.0,0.0,0.0,0.0,1215.0,1.0
245.8,5522.0,5522.0,9.756183745583039,503,1,0.0,0.0,0.0,0.0,0.0,0.0,0.0,0.0,1229.0,1.0
244.0,5676.0,5676.0,10.099644128113878,514,1,0.0,0.0,0.0,0.0,0.0,0.0,0.0,0.0,1220.0,1.0
239.2,5687.0,5687.0,10.34,520,1,0.0,0.0,0.0,0.0,0.0,0.0,0.0,0.0,1196.0,1.0
238.4,5665.0,5665.0,10.3,516,1,0.0,0.0,0.0,0.0,0.0,0.0,0.0,0.0,1192.0,1.0
235.6,5533.0,5533.0,10.380863039399625,503,1,0.0,0.0,0.0,0.0,0.0,0.0,0.0,0.0,1178.0,1.0
