142.6,747.0,419.0,2.2636363636363637,383,1,0.0,0.0,0.0,0.0,0.0,0.0,713.0,1.0,0.0,0.0
184.8,1450.0,1024.0,3.403755868544601,498,1,0.0,0.0,0.0,0.0,0.0,0.0,924.0,1.0,0.0,0.0
189.8,1607.0,1179.0,3.7546728971962615,521,1,0.0,0.0,0.0,0.0,0.0,0.0,949.0,1.0,0.0,0.0
199.0,1750.0,1312.0,3.9954337899543377,557,1,0.0,0.0,0.0,0.0,0.0,0.0,995.0,1.0,0.0,0.0
157.0,1369.0,1035.0,4.098802395209581,451,1,0.0,0.0,0.0,0.0,0.0,0.0,785.0,1.0,0.0,0.0
155.8,1358.0,1018.0,3.9941176470588236,439,1,0.0,0.0,0.0,0.0,0.0,0.0,779.0,1.0,0.0,0.0
143.2,1151.0,830.0,3.5856697819314642,395,1,0.0,0.0,0.0,0.0,0.0,0.0,716.0,1.0,0.0,0.0
148.8,1241.0,893.0,3.5660919540229883,396,1,0.0,0.0,0.0,0.0,0.0,0.0,744.0,1.0,0.0,0.0
151.6,1248.0,888.0,3.466666666666667,398,1,0.0,0.0,0.0,0.0,0.0,0.0,758.0,1.0,0.0,0.0
100.2,466.0,231.0,1.9829787234042553,266,1,0.0,0.0,0.0,0.0,0.0,0.0,501.0,1.0,0.0,0.0
98.0,464.0,234.0,2.017391304347826,260,1,0.0,0.0,0.0,0.0,0.0,0.0,490.0,1.0,0.0,0.0
81.4,229.0,36.0,1.1865284974093264,214,1,0.0,0.0,0.0,0.0,0.0,0.0,407.0,1.0,0.0,0.0
79.6,227.0,40.0,1.213903743315508,211,1,0.0,0.0,0.0,0.0,0.0,0.0,398.0,1.0,0.0,0.0
79.2,229.0,43.0,1.2311827956989247,210,1,0.0,0.0,0.0,0.0,0.0,0.0,396.0,1.0,0.0,0.0
78.6,232.0,46.0,1.2473118279569892,207,1,0.0,0.0,0.0,0.0,0.0,0.0,393.0,1.0,0.0,0.0
79.2,228.0,43.0,1.2324324324324325,211,1,0.0,0.0,0.0,0.0,0.0,0.0,396.0,1.0,0.0,0.0
79.2,231.0,45.0,1.2419354838709677,210,1,0.0,0.0,0.0,0.0,0.0,0.0,396.0,1.0,0.0,0.0
79.0,231.0,44.0,1.2352941176470589,208,1,0.0,0.0,0.0,0.0,0.0,0.0,395.0,1.0,0.0,0.0
79.0,229.0,45.0,1.2445652173913044,211,1,0.0,0.0,0.0,0.0,0.0,0.0,395.0,1.0,0.0,0.0
78.2,228.0,45.0,1.2459016393442623,208,1,0.0,0.0,0.0,0.0,0.0,0.0,391.0,1.0,0.0,0.0
78.2,220.0,40.0,1.2222222222222223,211,1,0.0,0.0,0.0,0.0,0.0,0.0,391.0,1.0,0.0,0.0
78.0,221.0,42.0,1.23463687150838,211,1,0.0,0.0,0.0,0.0,0.0,0.0,390.0,1.0,0.0,0.0
77.8,222.0,42.0,1.2333333333333334,209,1,0.0,0.0,0.0,0.0,0.0,0.0,389.0,1.0,0.0,0.0
79.0,223.0,40.0,1.2185792349726776,212,1,0.0,0.0,0.0,0.0,0.0,0.0,395.0,1.0,0.0,0.0
78.2,229.0,45.0,1.2445652173913044,207,1,0.0,0.0,0.0,0.0,0.0,0.0,391.0,1.0,0.0,0.0
78.4,227.0,43.0,1.233695652173913,208,1,0.0,0.0,0.0,0.0,0.0,0.0,392.0,1.0,0.0,0.0
79.4,225.0,39.0,1.2096774193548387,211,1,0.0,0.0,0.0,0.0,0.0,0.0,397.0,1.0,0.0,0.0
79.4,227.0,40.0,1.213903743315508,210,1,0.0,0.0,0.0,0.0,0.0,0.0,397.0,1.0,0.0,0.0
79.6,225.0,39.0,1.2096774193548387,212,1,0.0,0.0,0.0,0.0,0.0,0.0,398.0,1.0,0.0,0.0
79.6,220.0,37.0,1.2021857923497268,215,1,0.0,0.0,0.0,0.0,0.0,0.0,398.0,1.0,0.0,0.0
79.2,214.0,35.0,1.1955307262569832,217,1,0.0,0.0,0.0,0.0,0.0,0.0,396.0,1.0,0.0,0.0
79.4,212.0,33.0,1.1843575418994414,218,1,0.0,0.0,0.0,0.0,0.0,0.0,397.0,1.0,0.0,0.0
81.0,213.0,30.0,1.1639344262295082,222,1,0.0,0.0,0.0,0.0,0.0,0.0,405.0,1.0,0.0,0.0
81.0,218.0,33.0,1.1783783783783783,220,1,0.0,0.0,0.0,0.0,0.0,0.0,405.0,1.0,0.0,0.0
79.4,210.0,33.0,1.1864406779661016,220,1,0.0,0.0,0.0,0.0,0.0,0.0,397.0,1.0,0.0,0.0
79.4,208.0,31.0,1.1751412429378532,220,1,0.0,0.0,0.0,0.0,0.0,0.0,397.0,1.0,0.0,0.0
78.4,207.0,34.0,1.1965317919075145,219,1,0.0,0.0,0.0,0.0,0.0,0.0,392.0,1.0,0.0,0.0
79.0,203.0,30.0,1.1734104046242775,222,1,0.0,0.0,0.0,0.0,0.0,0.0,395.0,1.0,0.0,0.0
80.6,220.0,35.0,1.1891891891891893,218,1,0.0,0.0,0.0,0.0,0.0,0.0,403.0,1.0,0.0,0.0
81.0,222.0,35.0,1.1871657754010696,218,1,0.0,0.0,0.0,0.0,0.0,0.0,405.0,1.0,0.0,0.0
80.4,225.0,38.0,1.2032085561497325,215,1,0.0,0.0,0.0,0.0,0.0,0.0,402.0,1.0,0.0,0.0
79.6,228.0,42.0,1.2258064516129032,212,1,0.0,0.0,0.0,0.0,0.0,0.0,398.0,1.0,0.0,0.0
79.6,225.0,41.0,1.2228260869565217,214,1,0.0,0.0,0.0,0.0,0.0,0.0,398.0,1.0,0.0,0.0
78.2,220.0,41.0,1.229050279329609,212,1,0.0,0.0,0.0,0.0,0.0,0.0,391.0,1.0,0.0,0.0
79.2,216.0,36.0,1.2,216,1,0.0,0.0,0.0,0.0,0.0,0.0,396.0,1.0,0.0,0.0
79.0,214.0,36.0,1.202247191011236,217,1,0.0,0.0,0.0,0.0,0.0,0.0,395.0,1.0,0.0,0.0
78.4,210.0,37.0,1.2138728323699421,219,1,0.0,0.0,0.0,0.0,0.0,0.0,392.0,1.0,0.0,0.0
77.4,210.0,42.0,1.25,219,1,0.0,0.0,0.0,0.0,0.0,0.0,387.0,1.0,0.0,0.0
75.6,208.0,45.0,1.2760736196319018,215,1,0.0,0.0,0.0,0.0,0.0,0.0,378.0,1.0,0.0,0.0
75.8,203.0,41.0,1.2530864197530864,217,1,0.0,0.0,0.0,0.0,0.0,0.0,379.0,1.0,0.0,0.0
77.2,202.0,36.0,1.216867469879518,220,1,0.0,0.0,0.0,0.0,0.0,0.0,386.0,1.0,0.0,0.0
77.8,197.0,31.0,1.1867469879518073,223,1,0.0,0.0,0.0,0.0,0.0,0.0,389.0,1.0,0.0,0.0
77.2,185.0,26.0,1.1635220125786163,227,1,0.0,0.0,0.0,0.0,0.0,0.0,386.0,1.0,0.0,0.0
76.8,190.0,32.0,1.2025316455696202,226,1,0.0,0.0,0.0,0.0,0.0,0.0,384.0,1.0,0.0,0.0
78.0,197.0,31.0,1.1867469879518073,224,1,0.0,0.0,0.0,0.0,0.0,0.0,390.0,1.0,0.0,0.0
78.4,207.0,34.0,1.1965317919075145,219,1,0.0,0.0,0.0,0.0,0.0,0.0,392.0,1.0,0.0,0.0
80.8,223.0,36.0,1.1925133689839573,217,1,0.0,0.0,0.0,0.0,0.0,0.0,404.0,1.0,0.0,0.0
82.0,226.0,33.0,1.1709844559585492,217,1,0.0,0.0,0.0,0.0,0.0,0.0,410.0,1.0,0.0,0.0
80.6,222.0,35.0,1.1871657754010696,216,1,0.0,0.0,0.0,0.0,0.0,0.0,403.0,1.0,0.0,0.0
81.0,220.0,33.0,1.1764705882352942,218,1,0.0,0.0,0.0,0.0,0.0,0.0,405.0,1.0,0.0,0.0
81.2,219.0,32.0,1.1711229946524064,219,1,0.0,0.0,0.0,0.0,0.0,0.0,406.0,1.0,0.0,0.0
81.8,220.0,31.0,1.164021164021164,220,1,0.0,0.0,0.0,0.0,0.0,0.0,409.0,1.0,0.0,0.0
82.2,225.0,33.0,1.171875,219,1,0.0,0.0,0.0,0.0,0.0,0.0,411.0,1.0,0.0,0.0
81.8,224.0,35.0,1.1851851851851851,220,1,0.0,0.0,0.0,0.0,0.0,0.0,409.0,1.0,0.0,0.0
82.2,230.0,36.0,1.1855670103092784,217,1,0.0,0.0,0.0,0.0,0.0,0.0,411.0,1.0,0.0,0.0
81.4,232.0,40.0,1.2083333333333333,215,1,0.0,0.0,0.0,0.0,0.0,0.0,407.0,1.0,0.0,0.0
79.6,225.0,41.0,1.2228260869565217,214,1,0.0,0.0,0.0,0.0,0.0,0.0,398.0,1.0,0.0,0.0
80.4,226.0,39.0,1.2085561497326203,215,1,0.0,0.0,0.0,0.0,0.0,0.0,402.0,1.0,0.0,0.0
80.0,229.0,43.0,1.2311827956989247,214,1,0.0,0.0,0.0,0.0,0.0,0.0,400.0,1.0,0.0,0.0
78.8,224.0,41.0,1.2240437158469946,211,1,0.0,0.0,0.0,0.0,0.0,0.0,394.0,1.0,0.0,0.0
79.6,228.0,41.0,1.2192513368983957,211,1,0.0,0.0,0.0,0.0,0.0,0.0,398.0,1.0,0.0,0.0
78.8,231.0,44.0,1.2352941176470589,207,1,0.0,0.0,0.0,0.0,0.0,0.0,394.0,1.0,0.0,0.0
80.8,230.0,39.0,1.2041884816753927,213,1,0.0,0.0,0.0,0.0,0.0,0.0,404.0,1.0,0.0,0.0
82.0,234.0,40.0,1.2061855670103092,216,1,0.0,0.0,0.0,0.0,0.0,0.0,410.0,1.0,0.0,0.0
81.4,230.0,40.0,1.2105263157894737,217,1,0.0,0.0,0.0,0.0,0.0,0.0,407.0,1.0,0.0,0.0
81.4,226.0,37.0,1.1957671957671958,218,1,0.0,0.0,0.0,0.0,0.0,0.0,407.0,1.0,0.0,0.0
78.2,224.0,44.0,1.2444444444444445,211,1,0.0,0.0,0.0,0.0,0.0,0.0,391.0,1.0,0.0,0.0
77.4,222.0,44.0,1.247191011235955,209,1,0.0,0.0,0.0,0.0,0.0,0.0,387.0,1.0,0.0,0.0
78.2,230.0,46.0,1.25,207,1,0.0,0.0,0.0,0.0,0.0,0.0,391.0,1.0,0.0,0.0
78.8,231.0,45.0,1.2419354838709677,208,1,0.0,0.0,0.0,0.0,0.0,0.0,394.0,1.0,0.0,0.0
79.6,225.0,39.0,1.2096774193548387,212,1,0.0,0.0,0.0,0.0,0.0,0.0,398.0,1.0,0.0,0.0
79.0,225.0,41.0,1.2228260869565217,211,1,0.0,0.0,0.0,0.0,0.0,0.0,395.0,1.0,0.0,0.0
78.4,221.0,41.0,1.2277777777777779,212,1,0.0,0.0,0.0,0.0,0.0,0.0,392.0,1.0,0.0,0.0
78.4,222.0,43.0,1.2402234636871508,213,1,0.0,0.0,0.0,0.0,0.0,0.0,392.0,1.0,0.0,0.0
78.4,226.0,46.0,1.2555555555555555,212,1,0.0,0.0,0.0,0.0,0.0,0.0,392.0,1.0,0.0,0.0
79.4,226.0,43.0,1.2349726775956285,214,1,0.0,0.0,0.0,0.0,0.0,0.0,397.0,1.0,0.0,0.0
80.4,232.0,44.0,1.2340425531914894,214,1,0.0,0.0,0.0,0.0,0.0,0.0,402.0,1.0,0.0,0.0
80.2,224.0,41.0,1.2240437158469946,218,1,0.0,0.0,0.0,0.0,0.0,0.0,401.0,1.0,0.0,0.0
80.2,227.0,42.0,1.227027027027027,216,1,0.0,0.0,0.0,0.0,0.0,0.0,401.0,1.0,0.0,0.0
79.6,225.0,43.0,1.2362637362637363,216,1,0.0,0.0,0.0,0.0,0.0,0.0,398.0,1.0,0.0,0.0
80.0,224.0,41.0,1.2240437158469946,217,1,0.0,0.0,0.0,0.0,0.0,0.0,400.0,1.0,0.0,0.0
79.8,236.0,48.0,1.2553191489361701,211,1,0.0,0.0,0.0,0.0,0.0,0.0,399.0,1.0,0.0,0.0
78.8,233.0,48.0,1.2594594594594595,209,1,0.0,0.0,0.0,0.0,0.0,0.0,394.0,1.0,0.0,0.0
78.4,237.0,52.0,1.281081081081081,207,1,0.0,0.0,0.0,0.0,0.0,0.0,392.0,1.0,0.0,0.0
79.2,237.0,50.0,1.267379679144385,209,1,0.0,0.0,0.0,0.0,0.0,0.0,396.0,1.0,0.0,0.0
78.0,231.0,48.0,1.2622950819672132,207,1,0.0,0.0,0.0,0.0,0.0,0.0,390.0,1.0,0.0,0.0
79.2,228.0,43.0,1.2324324324324325,211,1,0.0,0.0,0.0,0.0,0.0,0.0,396.0,1.0,0.0,0.0
79.6,221.0,36.0,1.1945945945945946,213,1,0.0,0.0,0.0,0.0,0.0,0.0,398.0,1.0,0.0,0.0
77.8,220.0,40.0,1.2222222222222223,209,1,0.0,0.0,0.0,0.0,0.0,0.0,389.0,1.0,0.0,0.0
79.2,218.0,36.0,1.1978021978021978,214,1,0.0,0.0,0.0,0.0,0.0,0.0,396.0,1.0,0.0,0.0
79.8,220.0,36.0,1.1956521739130435,215,1,0.0,0.0,0.0,0.0,0.0,0.0,399.0,1.0,0.0,0.0
79.6,225.0,40.0,1.2162162162162162,213,1,0.0,0.0,0.0,0.0,0.0,0.0,398.0,1.0,0.0,0.0
79.8,229.0,41.0,1.2180851063829787,211,1,0.0,0.0,0.0,0.0,0.0,0.0,399.0,1.0,0.0,0.0
80.2,230.0,40.0,1.2105263157894737,211,1,0.0,0.0,0.0,0.0,0.0,0.0,401.0,1.0,0.0,0.0
79.2,230.0,43.0,1.2299465240641712,209,1,0.0,0.0,0.0,0.0,0.0,0.0,396.0,1.0,0.0,0.0
80.4,232.0,41.0,1.2146596858638743,211,1,0.0,0.0,0.0,0.0,0.0,0.0,402.0,1.0,0.0,0.0
81.8,232.0,38.0,1.1958762886597938,215,1,0.0,0.0,0.0,0.0,0.0,0.0,409.0,1.0,0.0,0.0
81.0,235.0,43.0,1.2239583333333333,213,1,0.0,0.0,0.0,0.0,0.0,0.0,405.0,1.0,0.0,0.0
81.0,238.0,44.0,1.2268041237113403,211,1,0.0,0.0,0.0,0.0,0.0,0.0,405.0,1.0,0.0,0.0
80.2,238.0,48.0,1.2526315789473683,211,1,0.0,0.0,0.0,0.0,0.0,0.0,401.0,1.0,0.0,0.0
80.0,236.0,48.0,1.2553191489361701,212,1,0.0,0.0,0.0,0.0,0.0,0.0,400.0,1.0,0.0,0.0
80.6,237.0,47.0,1.2473684210526317,213,1,0.0,0.0,0.0,0.0,0.0,0.0,403.0,1.0,0.0,0.0
81.6,231.0,40.0,1.2094240837696335,217,1,0.0,0.0,0.0,0.0,0.0,0.0,408.0,1.0,0.0,0.0
80.2,232.0,42.0,1.2210526315789474,211,1,0.0,0.0,0.0,0.0,0.0,0.0,401.0,1.0,0.0,0.0
79.6,235.0,45.0,1.236842105263158,208,1,0.0,0.0,0.0,0.0,0.0,0.0,398.0,1.0,0.0,0.0
80.6,233.0,40.0,1.2072538860103628,210,1,0.0,0.0,0.0,0.0,0.0,0.0,403.0,1.0,0.0,0.0
80.4,233.0,40.0,1.2072538860103628,209,1,0.0,0.0,0.0,0.0,0.0,0.0,402.0,1.0,0.0,0.0
