168.2,50512.0,470,1,841.0,1.0,0.0,0.0
188.4,71594.0,529,1,942.0,1.0,0.0,0.0
213.4,90076.0,612,1,1067.0,1.0,0.0,0.0
198.2,87364.0,585,1,991.0,1.0,0.0,0.0
173.6,75134.0,523,1,868.0,1.0,0.0,0.0
157.6,64438.0,486,1,788.0,1.0,0.0,0.0
149.0,60170.0,465,1,745.0,1.0,0.0,0.0
155.4,63935.0,476,1,777.0,1.0,0.0,0.0
165.4,70323.0,502,1,827.0,1.0,0.0,0.0
158.6,67211.0,485,1,793.0,1.0,0.0,0.0
165.2,71889.0,499,1,826.0,1.0,0.0,0.0
166.4,71981.0,502,1,832.0,1.0,0.0,0.0
161.0,69523.0,486,1,805.0,1.0,0.0,0.0
165.2,72635.0,492,1,826.0,1.0,0.0,0.0
162.0,69967.0,485,1,810.0,1.0,0.0,0.0
157.0,67844.0,476,1,785.0,1.0,0.0,0.0
158.8,67796.0,480,1,794.0,1.0,0.0,0.0
162.0,70001.0,489,1,810.0,1.0,0.0,0.0
164.8,72273.0,495,1,824.0,1.0,0.0,0.0
166.0,71879.0,496,1,830.0,1.0,0.0,0.0
159.2,67539.0,485,1,796.0,1.0,0.0,0.0
154.2,63810.0,473,1,771.0,1.0,0.0,0.0
146.4,57725.0,451,1,732.0,1.0,0.0,0.0
140.4,54105.0,437,1,702.0,1.0,0.0,0.0
136.0,51980.0,422,1,680.0,1.0,0.0,0.0
131.6,49736.0,414,1,658.0,1.0,0.0,0.0
129.6,49443.0,415,1,648.0,1.0,0.0,0.0
135.2,53351.0,429,1,676.0,1.0,0.0,0.0
139.4,56704.0,440,1,697.0,1.0,0.0,0.0
141.8,57187.0,441,1,709.0,1.0,0.0,0.0
150.0,61977.0,454,1,750.0,1.0,0.0,0.0
146.8,61511.0,447,1,734.0,1.0,0.0,0.0
150.0,62267.0,457,1,750.0,1.0,0.0,0.0
151.4,64168.0,464,1,757.0,1.0,0.0,0.0
149.2,62342.0,462,1,746.0,1.0,0.0,0.0
147.8,60318.0,457,1,739.0,1.0,0.0,0.0
146.2,60443.0,452,1,731.0,1.0,0.0,0.0
145.6,59804.0,451,1,728.0,1.0,0.0,0.0
139.6,55824.0,439,1,698.0,1.0,0.0,0.0
146.0,59698.0,454,1,730.0,1.0,0.0,0.0
133.4,46992.0,407,1,667.0,1.0,0.0,0.0
119.4,33419.0,355,1,597.0,1.0,0.0,0.0
105.2,20705.0,298,1,526.0,1.0,0.0,0.0
85.2,4265.0,232,1,426.0,1.0,0.0,0.0
79.8,232.0,216,1,399.0,1.0,0.0,0.0
78.2,272.0,210,1,391.0,1.0,0.0,0.0
80.6,248.0,215,1,403.0,1.0,0.0,0.0
80.2,388.0,215,1,401.0,1.0,0.0,0.0
79.0,404.0,214,1,395.0,1.0,0.0,0.0
80.6,530.0,218,1,403.0,1.0,0.0,0.0
79.4,546.0,214,1,397.0,1.0,0.0,0.0
80.8,398.0,219,1,404.0,1.0,0.0,0.0
81.6,414.0,218,1,408.0,1.0,0.0,0.0
81.4,248.0,217,1,407.0,1.0,0.0,0.0
82.8,216.0,221,1,414.0,1.0,0.0,0.0
82.4,224.0,218,1,412.0,1.0,0.0,0.0
83.6,208.0,222,1,418.0,1.0,0.0,0.0
83.8,184.0,225,1,419.0,1.0,0.0,0.0
80.6,232.0,219,1,403.0,1.0,0.0,0.0
80.6,224.0,220,1,403.0,1.0,0.0,0.0
81.4,216.0,222,1,407.0,1.0,0.0,0.0
79.8,248.0,218,1,399.0,1.0,0.0,0.0
80.6,240.0,222,1,403.0,1.0,0.0,0.0
78.8,428.0,219,1,394.0,1.0,0.0,0.0
76.6,444.0,217,1,383.0,1.0,0.0,0.0
77.6,420.0,220,1,388.0,1.0,0.0,0.0
78.8,380.0,221,1,394.0,1.0,0.0,0.0
82.2,168.0,229,1,411.0,1.0,0.0,0.0
82.8,176.0,226,1,414.0,1.0,0.0,0.0
82.6,200.0,224,1,413.0,1.0,0.0,0.0
81.4,402.0,222,1,407.0,1.0,0.0,0.0
78.6,418.0,215,1,393.0,1.0,0.0,0.0
79.8,410.0,219,1,399.0,1.0,0.0,0.0
79.8,402.0,217,1,399.0,1.0,0.0,0.0
79.8,232.0,217,1,399.0,1.0,0.0,0.0
80.0,216.0,218,1,400.0,1.0,0.0,0.0
78.4,248.0,214,1,392.0,1.0,0.0,0.0
79.8,232.0,219,1,399.0,1.0,0.0,0.0
79.4,224.0,221,1,397.0,1.0,0.0,0.0
79.4,272.0,219,1,397.0,1.0,0.0,0.0
79.6,224.0,222,1,398.0,1.0,0.0,0.0
78.4,240.0,220,1,392.0,1.0,0.0,0.0
77.8,264.0,218,1,389.0,1.0,0.0,0.0
77.6,232.0,221,1,388.0,1.0,0.0,0.0
77.4,264.0,218,1,387.0,1.0,0.0,0.0
77.8,272.0,216,1,389.0,1.0,0.0,0.0
80.6,573.0,224,1,403.0,1.0,0.0,0.0
82.4,719.0,227,1,412.0,1.0,0.0,0.0
83.6,867.0,232,1,418.0,1.0,0.0,0.0
82.6,843.0,232,1,413.0,1.0,0.0,0.0
85.0,1124.0,236,1,425.0,1.0,0.0,0.0
79.0,621.0,221,1,395.0,1.0,0.0,0.0
78.4,644.0,218,1,392.0,1.0,0.0,0.0
79.4,604.0,222,1,397.0,1.0,0.0,0.0
77.0,355.0,216,1,385.0,1.0,0.0,0.0
79.4,384.0,221,1,397.0,1.0,0.0,0.0
80.0,189.0,224,1,400.0,1.0,0.0,0.0
77.8,369.0,217,1,389.0,1.0,0.0,0.0
78.4,353.0,216,1,392.0,1.0,0.0,0.0
77.6,498.0,214,1,388.0,1.0,0.0,0.0
77.0,506.0,214,1,385.0,1.0,0.0,0.0
79.0,350.0,219,1,395.0,1.0,0.0,0.0
80.2,342.0,224,1,401.0,1.0,0.0,0.0
81.0,184.0,224,1,405.0,1.0,0.0,0.0
81.2,200.0,220,1,406.0,1.0,0.0,0.0
81.8,216.0,223,1,409.0,1.0,0.0,0.0
80.2,232.0,218,1,401.0,1.0,0.0,0.0
79.2,232.0,216,1,396.0,1.0,0.0,0.0
79.8,224.0,220,1,399.0,1.0,0.0,0.0
78.0,224.0,215,1,390.0,1.0,0.0,0.0
77.2,216.0,217,1,386.0,1.0,0.0,0.0
78.4,200.0,221,1,392.0,1.0,0.0,0.0
79.0,192.0,221,1,395.0,1.0,0.0,0.0
78.0,192.0,221,1,390.0,1.0,0.0,0.0
78.2,208.0,219,1,391.0,1.0,0.0,0.0
77.8,216.0,219,1,389.0,1.0,0.0,0.0
75.2,208.0,217,1,376.0,1.0,0.0,0.0
