78.0,1482.0,217,1,0.0,0.0,0.0,0.0
81.6,346.0,228,1,0.0,0.0,0.0,0.0
81.6,344.0,228,1,0.0,0.0,0.0,0.0
82.0,346.0,228,1,0.0,0.0,0.0,0.0
82.4,340.0,230,1,0.0,0.0,0.0,0.0
82.4,338.0,230,1,0.0,0.0,0.0,0.0
80.6,332.0,228,1,0.0,0.0,0.0,0.0
82.4,338.0,231,1,0.0,0.0,0.0,0.0
81.8,330.0,230,1,0.0,0.0,0.0,0.0
83.0,334.0,231,1,0.0,0.0,0.0,0.0
83.8,342.0,231,1,0.0,0.0,0.0,0.0
82.0,326.0,230,1,0.0,0.0,0.0,0.0
80.4,328.0,228,1,0.0,0.0,0.0,0.0
79.4,316.0,230,1,0.0,0.0,0.0,0.0
79.0,310.0,230,1,0.0,0.0,0.0,0.0
80.2,322.0,230,1,0.0,0.0,0.0,0.0
80.0,314.0,232,1,0.0,0.0,0.0,0.0
80.0,320.0,230,1,0.0,0.0,0.0,0.0
80.4,314.0,231,1,0.0,0.0,0.0,0.0
81.8,322.0,233,1,0.0,0.0,0.0,0.0
81.0,316.0,231,1,0.0,0.0,0.0,0.0
80.6,320.0,228,1,0.0,0.0,0.0,0.0
82.8,328.0,233,1,0.0,0.0,0.0,0.0
80.6,304.0,233,1,0.0,0.0,0.0,0.0
81.8,314.0,234,1,0.0,0.0,0.0,0.0
82.0,310.0,237,1,0.0,0.0,0.0,0.0
79.4,304.0,232,1,0.0,0.0,0.0,0.0
81.0,324.0,231,1,0.0,0.0,0.0,0.0
95.0,3645.0,277,1,0.0,0.0,0.0,0.0
94.2,3641.0,276,1,0.0,0.0,0.0,0.0
94.0,3633.0,278,1,0.0,0.0,0.0,0.0
94.8,3627.0,281,1,0.0,0.0,0.0,0.0
79.6,304.0,233,1,0.0,0.0,0.0,0.0
80.0,310.0,232,1,0.0,0.0,0.0,0.0
80.8,322.0,231,1,0.0,0.0,0.0,0.0
78.8,318.0,227,1,0.0,0.0,0.0,0.0
78.0,306.0,228,1,0.0,0.0,0.0,0.0
78.0,310.0,228,1,0.0,0.0,0.0,0.0
77.0,298.0,228,1,0.0,0.0,0.0,0.0
79.4,304.0,232,1,0.0,0.0,0.0,0.0
82.2,316.0,236,1,0.0,0.0,0.0,0.0
82.4,312.0,237,1,0.0,0.0,0.0,0.0
84.6,332.0,236,1,0.0,0.0,0.0,0.0
82.4,324.0,234,1,0.0,0.0,0.0,0.0
81.4,314.0,234,1,0.0,0.0,0.0,0.0
79.4,296.0,234,1,0.0,0.0,0.0,0.0
79.2,290.0,236,1,0.0,0.0,0.0,0.0
80.0,308.0,233,1,0.0,0.0,0.0,0.0
78.6,310.0,229,1,0.0,0.0,0.0,0.0
80.2,328.0,228,1,0.0,0.0,0.0,0.0
79.8,324.0,227,1,0.0,0.0,0.0,0.0
78.6,312.0,227,1,0.0,0.0,0.0,0.0
79.2,312.0,228,1,0.0,0.0,0.0,0.0
80.4,310.0,231,1,0.0,0.0,0.0,0.0
77.6,296.0,228,1,0.0,0.0,0.0,0.0
78.8,292.0,231,1,0.0,0.0,0.0,0.0
78.8,288.0,232,1,0.0,0.0,0.0,0.0
79.4,290.0,234,1,0.0,0.0,0.0,0.0
81.6,304.0,236,1,0.0,0.0,0.0,0.0
81.6,312.0,234,1,0.0,0.0,0.0,0.0
80.4,312.0,232,1,0.0,0.0,0.0,0.0
80.0,312.0,231,1,0.0,0.0,0.0,0.0
79.0,304.0,231,1,0.0,0.0,0.0,0.0
79.6,314.0,231,1,0.0,0.0,0.0,0.0
80.0,310.0,232,1,0.0,0.0,0.0,0.0
79.2,312.0,230,1,0.0,0.0,0.0,0.0
78.6,310.0,229,1,0.0,0.0,0.0,0.0
79.2,314.0,229,1,0.0,0.0,0.0,0.0
79.0,318.0,228,1,0.0,0.0,0.0,0.0
78.0,314.0,225,1,0.0,0.0,0.0,0.0
78.2,320.0,224,1,0.0,0.0,0.0,0.0
77.4,308.0,224,1,0.0,0.0,0.0,0.0
77.4,308.0,225,1,0.0,0.0,0.0,0.0
79.2,310.0,229,1,0.0,0.0,0.0,0.0
79.4,312.0,229,1,0.0,0.0,0.0,0.0
80.6,312.0,232,1,0.0,0.0,0.0,0.0
81.6,308.0,235,1,0.0,0.0,0.0,0.0
82.2,320.0,235,1,0.0,0.0,0.0,0.0
81.8,320.0,234,1,0.0,0.0,0.0,0.0
80.4,328.0,229,1,0.0,0.0,0.0,0.0
80.0,336.0,227,1,0.0,0.0,0.0,0.0
77.0,318.0,223,1,0.0,0.0,0.0,0.0
77.6,314.0,226,1,0.0,0.0,0.0,0.0
76.6,288.0,230,1,0.0,0.0,0.0,0.0
77.2,288.0,231,1,0.0,0.0,0.0,0.0
77.6,286.0,234,1,0.0,0.0,0.0,0.0
77.8,278.0,236,1,0.0,0.0,0.0,0.0
78.2,298.0,232,1,0.0,0.0,0.0,0.0
77.6,286.0,233,1,0.0,0.0,0.0,0.0
81.0,304.0,236,1,0.0,0.0,0.0,0.0
80.2,306.0,234,1,0.0,0.0,0.0,0.0
80.2,300.0,236,1,0.0,0.0,0.0,0.0
79.0,288.0,236,1,0.0,0.0,0.0,0.0
76.6,272.0,233,1,0.0,0.0,0.0,0.0
78.2,284.0,233,1,0.0,0.0,0.0,0.0
79.2,288.0,234,1,0.0,0.0,0.0,0.0
79.2,300.0,232,1,0.0,0.0,0.0,0.0
79.4,310.0,230,1,0.0,0.0,0.0,0.0
77.0,296.0,228,1,0.0,0.0,0.0,0.0
75.0,284.0,225,1,0.0,0.0,0.0,0.0
77.0,300.0,225,1,0.0,0.0,0.0,0.0
76.6,298.0,225,1,0.0,0.0,0.0,0.0
78.0,302.0,226,1,0.0,0.0,0.0,0.0
77.4,302.0,226,1,0.0,0.0,0.0,0.0
77.6,294.0,229,1,0.0,0.0,0.0,0.0
76.2,282.0,230,1,0.0,0.0,0.0,0.0
76.0,284.0,230,1,0.0,0.0,0.0,0.0
78.0,294.0,232,1,0.0,0.0,0.0,0.0
76.8,276.0,234,1,0.0,0.0,0.0,0.0
77.8,280.0,234,1,0.0,0.0,0.0,0.0
79.4,280.0,237,1,0.0,0.0,0.0,0.0
78.8,272.0,238,1,0.0,0.0,0.0,0.0
79.0,286.0,235,1,0.0,0.0,0.0,0.0
79.2,282.0,237,1,0.0,0.0,0.0,0.0
77.6,284.0,234,1,0.0,0.0,0.0,0.0
75.8,270.0,233,1,0.0,0.0,0.0,0.0
75.2,262.0,233,1,0.0,0.0,0.0,0.0
