71.8,4428.0,211,1,0.0,0.0,0.0,0.0
76.8,976.0,219,1,0.0,0.0,0.0,0.0
79.6,1192.0,228,1,0.0,0.0,0.0,0.0
80.8,1264.0,232,1,0.0,0.0,0.0,0.0
84.0,1304.0,236,1,0.0,0.0,0.0,0.0
85.6,1344.0,239,1,0.0,0.0,0.0,0.0
85.8,1360.0,240,1,0.0,0.0,0.0,0.0
84.8,1384.0,236,1,0.0,0.0,0.0,0.0
82.0,1360.0,231,1,0.0,0.0,0.0,0.0
80.6,1320.0,229,1,0.0,0.0,0.0,0.0
81.0,1280.0,231,1,0.0,0.0,0.0,0.0
81.6,1304.0,231,1,0.0,0.0,0.0,0.0
81.0,1256.0,233,1,0.0,0.0,0.0,0.0
81.4,1264.0,234,1,0.0,0.0,0.0,0.0
80.2,1256.0,232,1,0.0,0.0,0.0,0.0
79.8,1176.0,234,1,0.0,0.0,0.0,0.0
80.4,1208.0,234,1,0.0,0.0,0.0,0.0
78.2,1152.0,233,1,0.0,0.0,0.0,0.0
77.8,1168.0,232,1,0.0,0.0,0.0,0.0
76.6,1176.0,230,1,0.0,0.0,0.0,0.0
76.8,1168.0,230,1,0.0,0.0,0.0,0.0
78.8,1200.0,233,1,0.0,0.0,0.0,0.0
78.8,1208.0,232,1,0.0,0.0,0.0,0.0
79.8,1232.0,233,1,0.0,0.0,0.0,0.0
79.2,1248.0,230,1,0.0,0.0,0.0,0.0
79.4,1272.0,229,1,0.0,0.0,0.0,0.0
80.6,1272.0,231,1,0.0,0.0,0.0,0.0
80.8,1304.0,229,1,0.0,0.0,0.0,0.0
81.4,1344.0,228,1,0.0,0.0,0.0,0.0
80.6,1304.0,228,1,0.0,0.0,0.0,0.0
78.2,1264.0,226,1,0.0,0.0,0.0,0.0
77.8,1232.0,227,1,0.0,0.0,0.0,0.0
78.4,1192.0,232,1,0.0,0.0,0.0,0.0
80.4,1256.0,233,1,0.0,0.0,0.0,0.0
80.0,1216.0,233,1,0.0,0.0,0.0,0.0
82.2,1240.0,237,1,0.0,0.0,0.0,0.0
81.8,1256.0,234,1,0.0,0.0,0.0,0.0
78.8,1168.0,231,1,0.0,0.0,0.0,0.0
79.4,1216.0,231,1,0.0,0.0,0.0,0.0
80.6,1288.0,229,1,0.0,0.0,0.0,0.0
79.6,1256.0,230,1,0.0,0.0,0.0,0.0
81.6,1328.0,231,1,0.0,0.0,0.0,0.0
82.2,1296.0,234,1,0.0,0.0,0.0,0.0
81.0,1248.0,234,1,0.0,0.0,0.0,0.0
79.6,1224.0,231,1,0.0,0.0,0.0,0.0
80.2,1232.0,232,1,0.0,0.0,0.0,0.0
79.2,1232.0,229,1,0.0,0.0,0.0,0.0
78.0,1208.0,227,1,0.0,0.0,0.0,0.0
75.8,1136.0,227,1,0.0,0.0,0.0,0.0
74.6,1080.0,227,1,0.0,0.0,0.0,0.0
76.2,1096.0,231,1,0.0,0.0,0.0,0.0
77.6,1104.0,235,1,0.0,0.0,0.0,0.0
79.2,1144.0,236,1,0.0,0.0,0.0,0.0
80.2,1160.0,240,1,0.0,0.0,0.0,0.0
80.4,1208.0,237,1,0.0,0.0,0.0,0.0
79.8,1256.0,231,1,0.0,0.0,0.0,0.0
80.2,1272.0,231,1,0.0,0.0,0.0,0.0
79.8,1320.0,226,1,0.0,0.0,0.0,0.0
81.4,1312.0,229,1,0.0,0.0,0.0,0.0
82.4,1296.0,234,1,0.0,0.0,0.0,0.0
84.2,1304.0,236,1,0.0,0.0,0.0,0.0
87.2,1312.0,243,1,0.0,0.0,0.0,0.0
86.2,1320.0,241,1,0.0,0.0,0.0,0.0
83.4,1280.0,235,1,0.0,0.0,0.0,0.0
81.8,1216.0,237,1,0.0,0.0,0.0,0.0
78.6,1160.0,232,1,0.0,0.0,0.0,0.0
77.6,1096.0,232,1,0.0,0.0,0.0,0.0
80.8,1128.0,240,1,0.0,0.0,0.0,0.0
80.4,1160.0,236,1,0.0,0.0,0.0,0.0
79.8,1128.0,236,1,0.0,0.0,0.0,0.0
80.6,1200.0,234,1,0.0,0.0,0.0,0.0
79.6,1216.0,230,1,0.0,0.0,0.0,0.0
80.4,1264.0,230,1,0.0,0.0,0.0,0.0
81.6,1312.0,229,1,0.0,0.0,0.0,0.0
82.6,1336.0,231,1,0.0,0.0,0.0,0.0
83.6,1368.0,232,1,0.0,0.0,0.0,0.0
82.6,1344.0,231,1,0.0,0.0,0.0,0.0
83.8,1384.0,233,1,0.0,0.0,0.0,0.0
83.0,1392.0,231,1,0.0,0.0,0.0,0.0
83.4,1376.0,232,1,0.0,0.0,0.0,0.0
84.0,1392.0,233,1,0.0,0.0,0.0,0.0
84.0,1416.0,232,1,0.0,0.0,0.0,0.0
84.8,1384.0,235,1,0.0,0.0,0.0,0.0
86.2,1400.0,238,1,0.0,0.0,0.0,0.0
84.8,1352.0,236,1,0.0,0.0,0.0,0.0
84.4,1288.0,239,1,0.0,0.0,0.0,0.0
84.4,1280.0,238,1,0.0,0.0,0.0,0.0
83.8,1288.0,237,1,0.0,0.0,0.0,0.0
83.4,1312.0,235,1,0.0,0.0,0.0,0.0
83.8,1352.0,234,1,0.0,0.0,0.0,0.0
83.4,1392.0,232,1,0.0,0.0,0.0,0.0
84.2,1408.0,232,1,0.0,0.0,0.0,0.0
83.8,1384.0,233,1,0.0,0.0,0.0,0.0
83.8,1408.0,231,1,0.0,0.0,0.0,0.0
82.6,1344.0,232,1,0.0,0.0,0.0,0.0
83.0,1328.0,234,1,0.0,0.0,0.0,0.0
84.0,1344.0,233,1,0.0,0.0,0.0,0.0
83.2,1328.0,233,1,0.0,0.0,0.0,0.0
82.4,1296.0,233,1,0.0,0.0,0.0,0.0
80.0,1232.0,232,1,0.0,0.0,0.0,0.0
79.2,1232.0,231,1,0.0,0.0,0.0,0.0
79.2,1240.0,231,1,0.0,0.0,0.0,0.0
79.2,1264.0,229,1,0.0,0.0,0.0,0.0
78.8,1280.0,226,1,0.0,0.0,0.0,0.0
78.6,1240.0,227,1,0.0,0.0,0.0,0.0
79.0,1200.0,230,1,0.0,0.0,0.0,0.0
80.8,1224.0,232,1,0.0,0.0,0.0,0.0
81.8,1248.0,233,1,0.0,0.0,0.0,0.0
81.8,1256.0,232,1,0.0,0.0,0.0,0.0
82.2,1304.0,230,1,0.0,0.0,0.0,0.0
81.4,1296.0,230,1,0.0,0.0,0.0,0.0
82.4,1288.0,234,1,0.0,0.0,0.0,0.0
82.8,1320.0,233,1,0.0,0.0,0.0,0.0
81.4,1288.0,232,1,0.0,0.0,0.0,0.0
81.4,1328.0,229,1,0.0,0.0,0.0,0.0
81.2,1360.0,226,1,0.0,0.0,0.0,0.0
81.6,1360.0,227,1,0.0,0.0,0.0,0.0
