235.8,8642.0,473,1,0.0,0.0,0.0,0.0
218.2,4851.0,443,1,0.0,0.0,0.0,0.0
228.4,5104.0,466,1,0.0,0.0,0.0,0.0
231.2,5126.0,468,1,0.0,0.0,0.0,0.0
237.0,5313.0,481,1,0.0,0.0,0.0,0.0
237.0,5401.0,489,1,0.0,0.0,0.0,0.0
223.4,5060.0,462,1,0.0,0.0,0.0,0.0
221.6,5126.0,467,1,0.0,0.0,0.0,0.0
222.0,4950.0,451,1,0.0,0.0,0.0,0.0
230.8,5049.0,459,1,0.0,0.0,0.0,0.0
244.4,5335.0,487,1,0.0,0.0,0.0,0.0
237.6,4994.0,458,1,0.0,0.0,0.0,0.0
227.4,4829.0,442,1,0.0,0.0,0.0,0.0
217.6,4631.0,424,1,0.0,0.0,0.0,0.0
214.2,4510.0,413,1,0.0,0.0,0.0,0.0
220.2,4664.0,426,1,0.0,0.0,0.0,0.0
227.0,4851.0,441,1,0.0,0.0,0.0,0.0
222.6,4730.0,433,1,0.0,0.0,0.0,0.0
213.0,4587.0,420,1,0.0,0.0,0.0,0.0
210.0,4477.0,409,1,0.0,0.0,0.0,0.0
213.0,4477.0,408,1,0.0,0.0,0.0,0.0
211.0,4367.0,399,1,0.0,0.0,0.0,0.0
213.0,4422.0,400,1,0.0,0.0,0.0,0.0
215.8,4521.0,411,1,0.0,0.0,0.0,0.0
213.2,4499.0,413,1,0.0,0.0,0.0,0.0
224.0,4851.0,442,1,0.0,0.0,0.0,0.0
232.6,5137.0,470,1,0.0,0.0,0.0,0.0
225.4,4917.0,450,1,0.0,0.0,0.0,0.0
224.2,4939.0,451,1,0.0,0.0,0.0,0.0
219.6,4840.0,443,1,0.0,0.0,0.0,0.0
214.4,4620.0,419,1,0.0,0.0,0.0,0.0
223.8,4928.0,449,1,0.0,0.0,0.0,0.0
234.2,5126.0,467,1,0.0,0.0,0.0,0.0
234.6,5181.0,474,1,0.0,0.0,0.0,0.0
237.2,5313.0,485,1,0.0,0.0,0.0,0.0
237.2,5324.0,487,1,0.0,0.0,0.0,0.0
222.4,5049.0,460,1,0.0,0.0,0.0,0.0
225.8,5126.0,467,1,0.0,0.0,0.0,0.0
228.2,5104.0,468,1,0.0,0.0,0.0,0.0
224.6,5016.0,457,1,0.0,0.0,0.0,0.0
239.4,5390.0,491,1,0.0,0.0,0.0,0.0
236.6,5225.0,477,1,0.0,0.0,0.0,0.0
229.4,5049.0,462,1,0.0,0.0,0.0,0.0
234.0,5148.0,471,1,0.0,0.0,0.0,0.0
227.0,4906.0,449,1,0.0,0.0,0.0,0.0
221.6,4796.0,439,1,0.0,0.0,0.0,0.0
218.0,4730.0,432,1,0.0,0.0,0.0,0.0
218.8,4752.0,433,1,0.0,0.0,0.0,0.0
214.8,4609.0,418,1,0.0,0.0,0.0,0.0
217.0,4741.0,431,1,0.0,0.0,0.0,0.0
236.4,5192.0,473,1,0.0,0.0,0.0,0.0
233.6,5104.0,462,1,0.0,0.0,0.0,0.0
229.8,5082.0,459,1,0.0,0.0,0.0,0.0
224.4,4840.0,440,1,0.0,0.0,0.0,0.0
228.4,4950.0,449,1,0.0,0.0,0.0,0.0
220.8,4851.0,442,1,0.0,0.0,0.0,0.0
229.2,5038.0,460,1,0.0,0.0,0.0,0.0
237.8,5258.0,479,1,0.0,0.0,0.0,0.0
218.6,4785.0,438,1,0.0,0.0,0.0,0.0
226.8,4928.0,449,1,0.0,0.0,0.0,0.0
227.4,4895.0,446,1,0.0,0.0,0.0,0.0
227.6,4730.0,435,1,0.0,0.0,0.0,0.0
235.6,4972.0,452,1,0.0,0.0,0.0,0.0
237.6,5049.0,457,1,0.0,0.0,0.0,0.0
232.2,4994.0,455,1,0.0,0.0,0.0,0.0
229.4,5005.0,458,1,0.0,0.0,0.0,0.0
221.6,4818.0,440,1,0.0,0.0,0.0,0.0
215.4,4631.0,421,1,0.0,0.0,0.0,0.0
219.4,4719.0,431,1,0.0,0.0,0.0,0.0
228.6,4994.0,453,1,0.0,0.0,0.0,0.0
230.8,4972.0,453,1,0.0,0.0,0.0,0.0
224.6,4796.0,438,1,0.0,0.0,0.0,0.0
214.4,4422.0,404,1,0.0,0.0,0.0,0.0
200.6,4081.0,373,1,0.0,0.0,0.0,0.0
203.6,4213.0,384,1,0.0,0.0,0.0,0.0
212.6,4378.0,401,1,0.0,0.0,0.0,0.0
211.0,4411.0,401,1,0.0,0.0,0.0,0.0
222.6,4675.0,427,1,0.0,0.0,0.0,0.0
218.4,4565.0,416,1,0.0,0.0,0.0,0.0
230.8,5038.0,461,1,0.0,0.0,0.0,0.0
243.6,5346.0,491,1,0.0,0.0,0.0,0.0
240.6,5324.0,485,1,0.0,0.0,0.0,0.0
245.6,5544.0,504,1,0.0,0.0,0.0,0.0
241.8,5368.0,487,1,0.0,0.0,0.0,0.0
232.8,5236.0,476,1,0.0,0.0,0.0,0.0
236.0,5269.0,479,1,0.0,0.0,0.0,0.0
232.0,5137.0,469,1,0.0,0.0,0.0,0.0
229.2,5115.0,466,1,0.0,0.0,0.0,0.0
228.0,5115.0,466,1,0.0,0.0,0.0,0.0
230.8,5148.0,470,1,0.0,0.0,0.0,0.0
230.4,5016.0,458,1,0.0,0.0,0.0,0.0
231.0,4939.0,453,1,0.0,0.0,0.0,0.0
235.0,4950.0,451,1,0.0,0.0,0.0,0.0
235.8,5093.0,465,1,0.0,0.0,0.0,0.0
233.2,5038.0,460,1,0.0,0.0,0.0,0.0
225.4,4983.0,454,1,0.0,0.0,0.0,0.0
217.6,4719.0,429,1,0.0,0.0,0.0,0.0
220.4,4708.0,431,1,0.0,0.0,0.0,0.0
218.4,4708.0,430,1,0.0,0.0,0.0,0.0
218.8,4653.0,423,1,0.0,0.0,0.0,0.0
225.2,4906.0,447,1,0.0,0.0,0.0,0.0
217.2,4631.0,422,1,0.0,0.0,0.0,0.0
221.6,4807.0,440,1,0.0,0.0,0.0,0.0
231.0,5071.0,463,1,0.0,0.0,0.0,0.0
235.8,5280.0,482,1,0.0,0.0,0.0,0.0
235.4,5390.0,491,1,0.0,0.0,0.0,0.0
241.8,5478.0,495,1,0.0,0.0,0.0,0.0
229.0,5192.0,473,1,0.0,0.0,0.0,0.0
221.6,4939.0,450,1,0.0,0.0,0.0,0.0
220.8,4895.0,444,1,0.0,0.0,0.0,0.0
211.4,4752.0,433,1,0.0,0.0,0.0,0.0
206.4,4543.0,414,1,0.0,0.0,0.0,0.0
213.0,4686.0,426,1,0.0,0.0,0.0,0.0
211.8,4565.0,416,1,0.0,0.0,0.0,0.0
216.0,4554.0,411,1,0.0,0.0,0.0,0.0
212.8,4466.0,407,1,0.0,0.0,0.0,0.0
214.6,4488.0,409,1,0.0,0.0,0.0,0.0
218.6,4785.0,434,1,0.0,0.0,0.0,0.0
211.6,4763.0,434,1,0.0,0.0,0.0,0.0
224.4,5016.0,459,1,0.0,0.0,0.0,0.0
219.2,4884.0,448,1,0.0,0.0,0.0,0.0
219.0,4840.0,443,1,0.0,0.0,0.0,0.0
226.2,5038.0,458,1,0.0,0.0,0.0,0.0
218.6,4950.0,452,1,0.0,0.0,0.0,0.0
225.0,5148.0,470,1,0.0,0.0,0.0,0.0
222.8,5137.0,467,1,0.0,0.0,0.0,0.0
225.2,5126.0,466,1,0.0,0.0,0.0,0.0
230.2,5170.0,471,1,0.0,0.0,0.0,0.0
222.6,4917.0,449,1,0.0,0.0,0.0,0.0
222.2,4807.0,440,1,0.0,0.0,0.0,0.0
224.6,4796.0,436,1,0.0,0.0,0.0,0.0
213.2,4631.0,422,1,0.0,0.0,0.0,0.0
214.0,4807.0,438,1,0.0,0.0,0.0,0.0
213.6,4884.0,444,1,0.0,0.0,0.0,0.0
195.6,4543.0,416,1,0.0,0.0,0.0,0.0
206.8,4807.0,439,1,0.0,0.0,0.0,0.0
209.4,4829.0,440,1,0.0,0.0,0.0,0.0
214.8,4972.0,452,1,0.0,0.0,0.0,0.0
227.4,5302.0,483,1,0.0,0.0,0.0,0.0
229.6,5379.0,487,1,0.0,0.0,0.0,0.0
223.0,5203.0,475,1,0.0,0.0,0.0,0.0
220.4,5104.0,465,1,0.0,0.0,0.0,0.0
220.0,5082.0,464,1,0.0,0.0,0.0,0.0
227.4,5236.0,478,1,0.0,0.0,0.0,0.0
235.6,5478.0,498,1,0.0,0.0,0.0,0.0
229.2,5434.0,495,1,0.0,0.0,0.0,0.0
233.2,5566.0,508,1,0.0,0.0,0.0,0.0
221.2,5291.0,480,1,0.0,0.0,0.0,0.0
218.2,5203.0,474,1,0.0,0.0,0.0,0.0
227.2,5346.0,489,1,0.0,0.0,0.0,0.0
219.6,5170.0,474,1,0.0,0.0,0.0,0.0
223.2,5258.0,478,1,0.0,0.0,0.0,0.0
216.2,5038.0,458,1,0.0,0.0,0.0,0.0
218.2,5115.0,469,1,0.0,0.0,0.0,0.0
223.2,5236.0,479,1,0.0,0.0,0.0,0.0
226.8,5401.0,493,1,0.0,0.0,0.0,0.0
239.4,5753.0,524,1,0.0,0.0,0.0,0.0
239.6,5731.0,520,1,0.0,0.0,0.0,0.0
235.4,5610.0,514,1,0.0,0.0,0.0,0.0
233.8,5588.0,508,1,0.0,0.0,0.0,0.0
228.0,5456.0,494,1,0.0,0.0,0.0,0.0
229.0,5401.0,492,1,0.0,0.0,0.0,0.0
235.6,5621.0,513,1,0.0,0.0,0.0,0.0
232.0,5478.0,500,1,0.0,0.0,0.0,0.0
233.2,5511.0,503,1,0.0,0.0,0.0,0.0
227.2,5412.0,494,1,0.0,0.0,0.0,0.0
218.6,5148.0,470,1,0.0,0.0,0.0,0.0
219.0,5214.0,474,1,0.0,0.0,0.0,0.0
219.6,5225.0,476,1,0.0,0.0,0.0,0.0
224.6,5203.0,475,1,0.0,0.0,0.0,0.0
236.8,5291.0,484,1,0.0,0.0,0.0,0.0
243.0,5478.0,500,1,0.0,0.0,0.0,0.0
245.8,5522.0,503,1,0.0,0.0,0.0,0.0
244.0,5676.0,514,1,0.0,0.0,0.0,0.0
239.2,5687.0,520,1,0.0,0.0,0.0,0.0
238.4,5665.0,516,1,0.0,0.0,0.0,0.0
235.6,5533.0,503,1,0.0,0.0,0.0,0.0
