354.4,151920.0,914,1,0.0,0.0,0.0,0.0
436.4,213381.0,1129,1,0.0,0.0,0.0,0.0
488.2,253014.0,1263,1,0.0,0.0,0.0,0.0
474.6,244554.0,1232,1,0.0,0.0,0.0,0.0
449.2,231997.0,1167,1,0.0,0.0,0.0,0.0
420.4,213530.0,1095,1,0.0,0.0,0.0,0.0
419.0,211805.0,1098,1,0.0,0.0,0.0,0.0
434.4,218187.0,1140,1,0.0,0.0,0.0,0.0
428.6,210507.0,1125,1,0.0,0.0,0.0,0.0
340.2,156074.0,894,1,0.0,0.0,0.0,0.0
252.0,100038.0,660,1,0.0,0.0,0.0,0.0
161.0,45076.0,419,1,0.0,0.0,0.0,0.0
88.0,1576.0,229,1,0.0,0.0,0.0,0.0
88.8,1552.0,232,1,0.0,0.0,0.0,0.0
88.0,1576.0,228,1,0.0,0.0,0.0,0.0
88.2,1568.0,229,1,0.0,0.0,0.0,0.0
89.6,1584.0,233,1,0.0,0.0,0.0,0.0
87.8,1560.0,229,1,0.0,0.0,0.0,0.0
88.8,1520.0,234,1,0.0,0.0,0.0,0.0
88.6,1512.0,235,1,0.0,0.0,0.0,0.0
88.2,1480.0,236,1,0.0,0.0,0.0,0.0
88.6,1496.0,236,1,0.0,0.0,0.0,0.0
88.8,1544.0,233,1,0.0,0.0,0.0,0.0
89.2,1520.0,234,1,0.0,0.0,0.0,0.0
89.8,1560.0,232,1,0.0,0.0,0.0,0.0
90.2,1584.0,232,1,0.0,0.0,0.0,0.0
89.6,1560.0,233,1,0.0,0.0,0.0,0.0
90.2,1592.0,234,1,0.0,0.0,0.0,0.0
89.8,1576.0,235,1,0.0,0.0,0.0,0.0
89.8,1560.0,237,1,0.0,0.0,0.0,0.0
90.4,1576.0,236,1,0.0,0.0,0.0,0.0
91.4,1584.0,238,1,0.0,0.0,0.0,0.0
91.6,1568.0,239,1,0.0,0.0,0.0,0.0
93.0,1592.0,241,1,0.0,0.0,0.0,0.0
93.8,1600.0,243,1,0.0,0.0,0.0,0.0
93.8,1592.0,243,1,0.0,0.0,0.0,0.0
93.2,1600.0,241,1,0.0,0.0,0.0,0.0
91.6,1560.0,238,1,0.0,0.0,0.0,0.0
93.0,1576.0,240,1,0.0,0.0,0.0,0.0
92.6,1552.0,239,1,0.0,0.0,0.0,0.0
91.0,1520.0,237,1,0.0,0.0,0.0,0.0
86.4,1440.0,229,1,0.0,0.0,0.0,0.0
81.8,1368.0,219,1,0.0,0.0,0.0,0.0
81.6,1424.0,217,1,0.0,0.0,0.0,0.0
81.8,1384.0,220,1,0.0,0.0,0.0,0.0
85.4,1456.0,227,1,0.0,0.0,0.0,0.0
88.0,1512.0,234,1,0.0,0.0,0.0,0.0
88.2,1480.0,236,1,0.0,0.0,0.0,0.0
89.0,1536.0,233,1,0.0,0.0,0.0,0.0
89.2,1552.0,233,1,0.0,0.0,0.0,0.0
87.6,1536.0,230,1,0.0,0.0,0.0,0.0
87.4,1520.0,230,1,0.0,0.0,0.0,0.0
88.0,1528.0,232,1,0.0,0.0,0.0,0.0
87.8,1528.0,231,1,0.0,0.0,0.0,0.0
87.8,1504.0,233,1,0.0,0.0,0.0,0.0
86.0,1496.0,230,1,0.0,0.0,0.0,0.0
84.6,1496.0,226,1,0.0,0.0,0.0,0.0
83.0,1440.0,226,1,0.0,0.0,0.0,0.0
85.0,1496.0,227,1,0.0,0.0,0.0,0.0
84.8,1504.0,227,1,0.0,0.0,0.0,0.0
84.8,1488.0,228,1,0.0,0.0,0.0,0.0
86.8,1544.0,230,1,0.0,0.0,0.0,0.0
86.4,1528.0,229,1,0.0,0.0,0.0,0.0
87.0,1496.0,231,1,0.0,0.0,0.0,0.0
88.0,1552.0,231,1,0.0,0.0,0.0,0.0
88.4,1536.0,233,1,0.0,0.0,0.0,0.0
88.0,1520.0,233,1,0.0,0.0,0.0,0.0
87.4,1552.0,231,1,0.0,0.0,0.0,0.0
87.4,1512.0,233,1,0.0,0.0,0.0,0.0
86.8,1520.0,231,1,0.0,0.0,0.0,0.0
85.0,1488.0,229,1,0.0,0.0,0.0,0.0
85.8,1464.0,231,1,0.0,0.0,0.0,0.0
84.0,1448.0,227,1,0.0,0.0,0.0,0.0
82.8,1392.0,224,1,0.0,0.0,0.0,0.0
83.6,1432.0,223,1,0.0,0.0,0.0,0.0
84.4,1472.0,223,1,0.0,0.0,0.0,0.0
86.4,1488.0,228,1,0.0,0.0,0.0,0.0
86.8,1512.0,229,1,0.0,0.0,0.0,0.0
86.6,1488.0,231,1,0.0,0.0,0.0,0.0
86.0,1472.0,231,1,0.0,0.0,0.0,0.0
85.0,1488.0,228,1,0.0,0.0,0.0,0.0
85.8,1488.0,230,1,0.0,0.0,0.0,0.0
87.6,1512.0,233,1,0.0,0.0,0.0,0.0
88.8,1504.0,235,1,0.0,0.0,0.0,0.0
88.0,1488.0,233,1,0.0,0.0,0.0,0.0
88.0,1512.0,233,1,0.0,0.0,0.0,0.0
87.2,1496.0,232,1,0.0,0.0,0.0,0.0
85.6,1496.0,228,1,0.0,0.0,0.0,0.0
87.6,1504.0,233,1,0.0,0.0,0.0,0.0
89.4,1496.0,239,1,0.0,0.0,0.0,0.0
88.8,1520.0,236,1,0.0,0.0,0.0,0.0
88.6,1448.0,240,1,0.0,0.0,0.0,0.0
86.8,1384.0,239,1,0.0,0.0,0.0,0.0
85.0,1392.0,233,1,0.0,0.0,0.0,0.0
85.4,1392.0,234,1,0.0,0.0,0.0,0.0
86.6,1448.0,235,1,0.0,0.0,0.0,0.0
88.4,1512.0,235,1,0.0,0.0,0.0,0.0
88.6,1496.0,236,1,0.0,0.0,0.0,0.0
89.0,1488.0,237,1,0.0,0.0,0.0,0.0
88.4,1456.0,236,1,0.0,0.0,0.0,0.0
89.0,1448.0,237,1,0.0,0.0,0.0,0.0
89.6,1448.0,240,1,0.0,0.0,0.0,0.0
90.4,1480.0,241,1,0.0,0.0,0.0,0.0
89.6,1504.0,238,1,0.0,0.0,0.0,0.0
88.4,1488.0,238,1,0.0,0.0,0.0,0.0
88.6,1504.0,236,1,0.0,0.0,0.0,0.0
88.2,1456.0,237,1,0.0,0.0,0.0,0.0
89.2,1480.0,238,1,0.0,0.0,0.0,0.0
87.8,1480.0,235,1,0.0,0.0,0.0,0.0
87.8,1504.0,234,1,0.0,0.0,0.0,0.0
87.0,1480.0,234,1,0.0,0.0,0.0,0.0
85.0,1448.0,231,1,0.0,0.0,0.0,0.0
86.2,1440.0,233,1,0.0,0.0,0.0,0.0
85.0,1416.0,231,1,0.0,0.0,0.0,0.0
85.2,1432.0,230,1,0.0,0.0,0.0,0.0
86.4,1440.0,233,1,0.0,0.0,0.0,0.0
86.0,1488.0,231,1,0.0,0.0,0.0,0.0
